# Tesseroid model generated by tessmodgen 1.0:
#   local time: Thu Feb 10 18:33:21 2011
#   grid spacing: 1 deg lon / 1 deg lat
#   reference level (depth): 0
#   density: 1000
3.5 4.5 1.5 2.5 0 -1000 -1000
4.5 5.5 1.5 2.5 0 -1000 -1000
5.5 6.5 1.5 2.5 0 -1000 -1000
3.5 4.5 2.5 3.5 0 -1000 -1000
4.5 5.5 2.5 3.5 0 -1000 -1000
5.5 6.5 2.5 3.5 0 -1000 -1000
3.5 4.5 3.5 4.5 0 -1000 -1000
4.5 5.5 3.5 4.5 0 -1000 -1000
5.5 6.5 3.5 4.5 0 -1000 -1000
3.5 4.5 4.5 5.5 0 -1000 -1000
4.5 5.5 4.5 5.5 0 -1000 -1000
5.5 6.5 4.5 5.5 0 -1000 -1000
3.5 4.5 5.5 6.5 0 -1000 -1000
4.5 5.5 5.5 6.5 0 -1000 -1000
5.5 6.5 5.5 6.5 0 -1000 -1000
3.5 4.5 6.5 7.5 0 -1000 -1000
4.5 5.5 6.5 7.5 0 -1000 -1000
5.5 6.5 6.5 7.5 0 -1000 -1000
3.5 4.5 7.5 8.5 0 -1000 -1000
4.5 5.5 7.5 8.5 0 -1000 -1000
5.5 6.5 7.5 8.5 0 -1000 -1000
