# Synthetic layer model of sediments and topography
#   lon   lat   height   thickness   density
-10 30 800 800.002 1900
-9.5 30 800 800.006 1900
-9 30 800 800.016 1900
-8.5 30 800 800.042 1900
-8 30 800 800.105 1900
-7.5 30 800 800.248 1900
-7 30 800 800.554 1900
-6.5 30 800 801.173 1900
-6 30 800 802.348 1900
-5.5 30 800 804.448 1900
-5 30 800 807.972 1900
-4.5 30 800 813.513 1900
-4 30 800 821.669 1900
-3.5 30 800 832.87 1900
-3 30 800 847.166 1900
-2.5 30 800 864.022 1900
-2 30 800 882.205 1900
-1.5 30 800 899.85 1900
-1 30 800 914.727 1900
-0.5 30 800 924.697 1900
0 30 800 928.209 1900
0.5 30 800 924.697 1900
1 30 800 914.727 1900
1.5 30 800 899.85 1900
2 30 800 882.205 1900
2.5 30 800 864.022 1900
3 30 800 847.166 1900
3.5 30 800 832.87 1900
4 30 800 821.669 1900
4.5 30 800 813.513 1900
5 30 800 807.972 1900
5.5 30 800 804.448 1900
6 30 800 802.348 1900
6.5 30 800 801.173 1900
7 30 800 800.554 1900
7.5 30 800 800.248 1900
8 30 800 800.105 1900
8.5 30 800 800.042 1900
9 30 800 800.016 1900
9.5 30 800 800.006 1900
10 30 800 800.002 1900
-10 30.5 800 800.003 1900
-9.5 30.5 800 800.008 1900
-9 30.5 800 800.023 1900
-8.5 30.5 800 800.062 1900
-8 30.5 800 800.155 1900
-7.5 30.5 800 800.366 1900
-7 30.5 800 800.818 1900
-6.5 30.5 800 801.732 1900
-6 30.5 800 803.468 1900
-5.5 30.5 800 806.57 1900
-5 30.5 800 811.774 1900
-4.5 30.5 800 819.959 1900
-4 30.5 800 832.005 1900
-3.5 30.5 800 848.548 1900
-3 30.5 800 869.663 1900
-2.5 30.5 800 894.559 1900
-2 30.5 800 921.416 1900
-1.5 30.5 800 947.476 1900
-1 30.5 800 969.449 1900
-0.5 30.5 800 984.175 1900
0 30.5 800 989.363 1900
0.5 30.5 800 984.175 1900
1 30.5 800 969.449 1900
1.5 30.5 800 947.476 1900
2 30.5 800 921.416 1900
2.5 30.5 800 894.559 1900
3 30.5 800 869.663 1900
3.5 30.5 800 848.548 1900
4 30.5 800 832.005 1900
4.5 30.5 800 819.959 1900
5 30.5 800 811.774 1900
5.5 30.5 800 806.57 1900
6 30.5 800 803.468 1900
6.5 30.5 800 801.732 1900
7 30.5 800 800.818 1900
7.5 30.5 800 800.366 1900
8 30.5 800 800.155 1900
8.5 30.5 800 800.062 1900
9 30.5 800 800.023 1900
9.5 30.5 800 800.008 1900
10 30.5 800 800.003 1900
-10 31 800 800.004 1900
-9.5 31 800 800.012 1900
-9 31 800 800.034 1900
-8.5 31 800 800.089 1900
-8 31 800 800.224 1900
-7.5 31 800 800.529 1900
-7 31 800 801.184 1900
-6.5 31 800 802.507 1900
-6 31 800 805.021 1900
-5.5 31 800 809.512 1900
-5 31 800 817.046 1900
-4.5 31 800 828.895 1900
-4 31 800 846.335 1900
-3.5 31 800 870.285 1900
-3 31 800 900.853 1900
-2.5 31 800 936.896 1900
-2 31 800 975.778 1900
-1.5 31 800 1013.51 1900
-1 31 800 1045.32 1900
-0.5 31 800 1066.64 1900
0 31 800 1074.15 1900
0.5 31 800 1066.64 1900
1 31 800 1045.32 1900
1.5 31 800 1013.51 1900
2 31 800 975.778 1900
2.5 31 800 936.896 1900
3 31 800 900.853 1900
3.5 31 800 870.285 1900
4 31 800 846.335 1900
4.5 31 800 828.895 1900
5 31 800 817.046 1900
5.5 31 800 809.512 1900
6 31 800 805.021 1900
6.5 31 800 802.507 1900
7 31 800 801.184 1900
7.5 31 800 800.529 1900
8 31 800 800.224 1900
8.5 31 800 800.089 1900
9 31 800 800.034 1900
9.5 31 800 800.012 1900
10 31 800 800.004 1900
-10 31.5 800 800.006 1900
-9.5 31.5 800 800.017 1900
-9 31.5 800 800.048 1900
-8.5 31.5 800 800.127 1900
-8 31.5 800 800.317 1900
-7.5 31.5 800 800.751 1900
-7 31.5 800 801.681 1900
-6.5 31.5 800 803.558 1900
-6 31.5 800 807.125 1900
-5.5 31.5 800 813.498 1900
-5 31.5 800 824.189 1900
-4.5 31.5 800 841.004 1900
-4 31.5 800 865.752 1900
-3.5 31.5 800 899.739 1900
-3 31.5 800 943.117 1900
-2.5 31.5 800 994.265 1900
-2 31.5 800 1049.44 1900
-1.5 31.5 800 1102.98 1900
-1 31.5 800 1148.12 1900
-0.5 31.5 800 1178.38 1900
0 31.5 800 1189.03 1900
0.5 31.5 800 1178.38 1900
1 31.5 800 1148.12 1900
1.5 31.5 800 1102.98 1900
2 31.5 800 1049.44 1900
2.5 31.5 800 994.265 1900
3 31.5 800 943.117 1900
3.5 31.5 800 899.739 1900
4 31.5 800 865.752 1900
4.5 31.5 800 841.004 1900
5 31.5 800 824.189 1900
5.5 31.5 800 813.498 1900
6 31.5 800 807.125 1900
6.5 31.5 800 803.558 1900
7 31.5 800 801.681 1900
7.5 31.5 800 800.751 1900
8 31.5 800 800.317 1900
8.5 31.5 800 800.127 1900
9 31.5 800 800.048 1900
9.5 31.5 800 800.017 1900
10 31.5 800 800.006 1900
-10 32 800 800.008 1900
-9.5 32 800 800.024 1900
-9 32 800 800.067 1900
-8.5 32 800 800.177 1900
-8 32 800 800.442 1900
-7.5 32 800 801.045 1900
-7 32 800 802.338 1900
-6.5 32 800 804.949 1900
-6 32 800 809.911 1900
-5.5 32 800 818.776 1900
-5 32 800 833.646 1900
-4.5 32 800 857.035 1900
-4 32 800 891.459 1900
-3.5 32 800 938.733 1900
-3 32 800 999.072 1900
-2.5 32 800 1070.22 1900
-2 32 800 1146.96 1900
-1.5 32 800 1221.43 1900
-1 32 800 1284.23 1900
-0.5 32 800 1326.31 1900
0 32 800 1341.13 1900
0.5 32 800 1326.31 1900
1 32 800 1284.23 1900
1.5 32 800 1221.43 1900
2 32 800 1146.96 1900
2.5 32 800 1070.22 1900
3 32 800 999.072 1900
3.5 32 800 938.733 1900
4 32 800 891.459 1900
4.5 32 800 857.035 1900
5 32 800 833.646 1900
5.5 32 800 818.776 1900
6 32 800 809.911 1900
6.5 32 800 804.949 1900
7 32 800 802.338 1900
7.5 32 800 801.045 1900
8 32 800 800.442 1900
8.5 32 800 800.177 1900
9 32 800 800.067 1900
9.5 32 800 800.024 1900
10 32 800 800.008 1900
-10 32.5 800 800.011 1900
-9.5 32.5 800 800.033 1900
-9 32.5 800 800.091 1900
-8.5 32.5 800 800.241 1900
-8 32.5 800 800.602 1900
-7.5 32.5 800 801.424 1900
-7 32.5 800 803.187 1900
-6.5 32.5 800 806.748 1900
-6 32.5 800 813.513 1900
-5.5 32.5 800 825.599 1900
-5 32.5 800 845.874 1900
-4.5 32.5 800 877.763 1900
-4 32.5 800 924.697 1900
-3.5 32.5 800 989.153 1900
-3 32.5 800 1071.42 1900
-2.5 32.5 800 1168.42 1900
-2 32.5 800 1273.06 1900
-1.5 32.5 800 1374.59 1900
-1 32.5 800 1460.21 1900
-0.5 32.5 800 1517.58 1900
0 32.5 800 1537.79 1900
0.5 32.5 800 1517.58 1900
1 32.5 800 1460.21 1900
1.5 32.5 800 1374.59 1900
2 32.5 800 1273.06 1900
2.5 32.5 800 1168.42 1900
3 32.5 800 1071.42 1900
3.5 32.5 800 989.153 1900
4 32.5 800 924.697 1900
4.5 32.5 800 877.763 1900
5 32.5 800 845.874 1900
5.5 32.5 800 825.599 1900
6 32.5 800 813.513 1900
6.5 32.5 800 806.748 1900
7 32.5 800 803.187 1900
7.5 32.5 800 801.424 1900
8 32.5 800 800.602 1900
8.5 32.5 800 800.241 1900
9 32.5 800 800.091 1900
9.5 32.5 800 800.033 1900
10 32.5 800 800.011 1900
-10 33 800 800.015 1900
-9.5 33 800 800.044 1900
-9 33 800 800.122 1900
-8.5 33 800 800.322 1900
-8 33 800 800.805 1900
-7.5 33 800 801.903 1900
-7 33 800 804.26 1900
-6.5 33 800 809.018 1900
-6 33 800 818.059 1900
-5.5 33 800 834.211 1900
-5 33 800 861.307 1900
-4.5 33 800 903.925 1900
-4 33 800 966.649 1900
-3.5 33 800 1052.79 1900
-3 33 800 1162.73 1900
-2.5 33 800 1292.37 1900
-2 33 800 1432.21 1900
-1.5 33 800 1567.9 1900
-1 33 800 1682.32 1900
-0.5 33 800 1759 1900
0 33 800 1786.01 1900
0.5 33 800 1759 1900
1 33 800 1682.32 1900
1.5 33 800 1567.9 1900
2 33 800 1432.21 1900
2.5 33 800 1292.37 1900
3 33 800 1162.73 1900
3.5 33 800 1052.79 1900
4 33 800 966.649 1900
4.5 33 800 903.925 1900
5 33 800 861.307 1900
5.5 33 800 834.211 1900
6 33 800 818.059 1900
6.5 33 800 809.018 1900
7 33 800 804.26 1900
7.5 33 800 801.903 1900
8 33 800 800.805 1900
8.5 33 800 800.322 1900
9 33 800 800.122 1900
9.5 33 800 800.044 1900
10 33 800 800.015 1900
-10 33.5 800 800.019 1900
-9.5 33.5 800 800.057 1900
-9 33.5 800 800.159 1900
-8.5 33.5 800 800.421 1900
-8 33.5 800 801.054 1900
-7.5 33.5 800 802.493 1900
-7 33.5 800 805.58 1900
-6.5 33.5 800 811.813 1900
-6 33.5 800 823.657 1900
-5.5 33.5 800 844.815 1900
-5 33.5 800 880.309 1900
-4.5 33.5 799.999 936.137 1900
-4 33.5 799.999 1018.3 1900
-3.5 33.5 799.999 1131.14 1900
-3 33.5 799.998 1275.16 1900
-2.5 33.5 799.998 1444.98 1900
-2 33.5 799.997 1628.17 1900
-1.5 33.5 799.996 1805.92 1900
-1 33.5 799.996 1955.8 1900
-0.5 33.5 799.995 2056.25 1900
0 33.5 799.995 2091.63 1900
0.5 33.5 799.995 2056.25 1900
1 33.5 799.996 1955.8 1900
1.5 33.5 799.996 1805.92 1900
2 33.5 799.997 1628.17 1900
2.5 33.5 799.998 1444.98 1900
3 33.5 799.998 1275.16 1900
3.5 33.5 799.999 1131.14 1900
4 33.5 799.999 1018.3 1900
4.5 33.5 799.999 936.137 1900
5 33.5 800 880.309 1900
5.5 33.5 800 844.815 1900
6 33.5 800 823.657 1900
6.5 33.5 800 811.813 1900
7 33.5 800 805.58 1900
7.5 33.5 800 802.493 1900
8 33.5 800 801.054 1900
8.5 33.5 800 800.421 1900
9 33.5 800 800.159 1900
9.5 33.5 800 800.057 1900
10 33.5 800 800.019 1900
-10 34 800 800.025 1900
-9.5 34 800 800.073 1900
-9 34 800 800.205 1900
-8.5 34 800 800.541 1900
-8 34 800 801.353 1900
-7.5 34 800 803.201 1900
-7 34 799.999 807.165 1900
-6.5 34 799.999 815.167 1900
-6 34 799.998 830.374 1900
-5.5 34 799.996 857.54 1900
-5 34 799.992 903.112 1900
-4.5 34 799.987 974.791 1900
-4 34 799.979 1080.29 1900
-3.5 34 799.968 1225.17 1900
-3 34 799.955 1410.08 1900
-2.5 34 799.938 1628.11 1900
-2 34 799.921 1863.31 1900
-1.5 34 799.904 2091.54 1900
-1 34 799.89 2283.98 1900
-0.5 34 799.88 2412.94 1900
0 34 799.877 2458.37 1900
0.5 34 799.88 2412.94 1900
1 34 799.89 2283.98 1900
1.5 34 799.904 2091.54 1900
2 34 799.921 1863.31 1900
2.5 34 799.938 1628.11 1900
3 34 799.955 1410.08 1900
3.5 34 799.968 1225.17 1900
4 34 799.979 1080.29 1900
4.5 34 799.987 974.791 1900
5 34 799.992 903.112 1900
5.5 34 799.996 857.54 1900
6 34 799.998 830.374 1900
6.5 34 799.999 815.167 1900
7 34 799.999 807.165 1900
7.5 34 800 803.201 1900
8 34 800 801.353 1900
8.5 34 800 800.541 1900
9 34 800 800.205 1900
9.5 34 800 800.073 1900
10 34 800 800.025 1900
-10 34.5 800 800.031 1900
-9.5 34.5 800 800.092 1900
-9 34.5 800 800.257 1900
-8.5 34.5 799.999 800.68 1900
-8 34.5 799.998 801.702 1900
-7.5 34.5 799.996 804.026 1900
-7 34.5 799.992 809.01 1900
-6.5 34.5 799.982 819.073 1900
-6 34.5 799.965 838.196 1900
-5.5 34.5 799.933 872.358 1900
-5 34.5 799.88 929.666 1900
-4.5 34.5 799.797 1019.8 1900
-4 34.5 799.674 1152.47 1900
-3.5 34.5 799.505 1334.66 1900
-3 34.5 799.29 1567.19 1900
-2.5 34.5 799.036 1841.37 1900
-2 34.5 798.762 2137.15 1900
-1.5 34.5 798.497 2424.15 1900
-1 34.5 798.273 2666.14 1900
-0.5 34.5 798.122 2828.32 1900
0 34.5 798.07 2885.45 1900
0.5 34.5 798.122 2828.32 1900
1 34.5 798.273 2666.14 1900
1.5 34.5 798.497 2424.15 1900
2 34.5 798.762 2137.15 1900
2.5 34.5 799.036 1841.37 1900
3 34.5 799.29 1567.19 1900
3.5 34.5 799.505 1334.66 1900
4 34.5 799.674 1152.47 1900
4.5 34.5 799.797 1019.8 1900
5 34.5 799.88 929.666 1900
5.5 34.5 799.933 872.358 1900
6 34.5 799.965 838.196 1900
6.5 34.5 799.982 819.073 1900
7 34.5 799.992 809.01 1900
7.5 34.5 799.996 804.026 1900
8 34.5 799.998 801.702 1900
8.5 34.5 799.999 800.68 1900
9 34.5 800 800.257 1900
9.5 34.5 800 800.092 1900
10 34.5 800 800.031 1900
-10 35 800 800.038 1900
-9.5 35 799.999 800.113 1900
-9 35 799.998 800.316 1900
-8.5 35 799.994 800.834 1900
-8 35 799.985 802.086 1900
-7.5 35 799.965 804.936 1900
-7 35 799.921 811.046 1900
-6.5 35 799.832 823.385 1900
-6 35 799.665 846.83 1900
-5.5 35 799.365 888.714 1900
-5 35 798.861 958.975 1900
-4.5 35 798.07 1069.49 1900
-4 35 796.904 1232.14 1900
-3.5 35 795.304 1455.51 1900
-3 35 793.262 1740.61 1900
-2.5 35 790.854 2076.76 1900
-2 35 788.256 2439.4 1900
-1.5 35 785.736 2791.27 1900
-1 35 783.61 3087.96 1900
-0.5 35 782.186 3286.79 1900
0 35 781.684 3356.84 1900
0.5 35 782.186 3286.79 1900
1 35 783.61 3087.96 1900
1.5 35 785.736 2791.27 1900
2 35 788.256 2439.4 1900
2.5 35 790.854 2076.76 1900
3 35 793.262 1740.61 1900
3.5 35 795.304 1455.51 1900
4 35 796.904 1232.14 1900
4.5 35 798.07 1069.49 1900
5 35 798.861 958.975 1900
5.5 35 799.365 888.714 1900
6 35 799.665 846.83 1900
6.5 35 799.832 823.385 1900
7 35 799.921 811.046 1900
7.5 35 799.965 804.936 1900
8 35 799.985 802.086 1900
8.5 35 799.994 800.834 1900
9 35 799.998 800.316 1900
9.5 35 799.999 800.113 1900
10 35 800 800.038 1900
-10 35.5 799.998 800.045 1900
-9.5 35.5 799.995 800.133 1900
-9 35.5 799.987 800.371 1900
-8.5 35.5 799.966 800.982 1900
-8 35.5 799.914 802.455 1900
-7.5 35.5 799.797 805.808 1900
-7 35.5 799.545 812.998 1900
-6.5 35.5 799.036 827.517 1900
-6 35.5 798.07 855.105 1900
-5.5 35.5 796.343 904.389 1900
-5 35.5 793.447 987.065 1900
-4.5 35.5 788.891 1117.1 1900
-4 35.5 782.186 1308.49 1900
-3.5 35.5 772.978 1571.33 1900
-3 35.5 761.226 1906.8 1900
-2.5 35.5 747.369 2302.35 1900
-2 35.5 732.42 2729.06 1900
-1.5 35.5 717.915 3143.11 1900
-1 35.5 705.685 3492.22 1900
-0.5 35.5 697.488 3726.18 1900
0 35.5 694.601 3808.61 1900
0.5 35.5 697.488 3726.18 1900
1 35.5 705.685 3492.22 1900
1.5 35.5 717.915 3143.11 1900
2 35.5 732.42 2729.06 1900
2.5 35.5 747.369 2302.35 1900
3 35.5 761.226 1906.8 1900
3.5 35.5 772.978 1571.33 1900
4 35.5 782.186 1308.49 1900
4.5 35.5 788.891 1117.1 1900
5 35.5 793.447 987.065 1900
5.5 35.5 796.343 904.389 1900
6 35.5 798.07 855.105 1900
6.5 35.5 799.036 827.517 1900
7 35.5 799.545 812.998 1900
7.5 35.5 799.797 805.808 1900
8 35.5 799.914 802.455 1900
8.5 35.5 799.966 800.982 1900
9 35.5 799.987 800.371 1900
9.5 35.5 799.995 800.133 1900
10 35.5 799.998 800.045 1900
-10 36 799.995 800.05 1900
-9.5 36 799.984 800.147 1900
-9 36 799.955 800.41 1900
-8.5 36 799.88 801.084 1900
-8 36 799.7 802.712 1900
-7.5 36 799.29 806.415 1900
-7 36 798.411 814.357 1900
-6.5 36 796.635 830.394 1900
-6 36 793.262 860.866 1900
-5.5 36 787.236 915.303 1900
-5 36 777.127 1006.62 1900
-4.5 36 761.226 1150.26 1900
-4 36 737.823 1361.66 1900
-3.5 36 705.685 1651.98 1900
-3 36 664.665 2022.53 1900
-2.5 36 616.299 2459.43 1900
-2 36 564.123 2930.75 1900
-1.5 36 513.495 3388.09 1900
-1 36 470.807 3773.7 1900
-0.5 36 442.199 4032.13 1900
0 36 432.121 4123.17 1900
0.5 36 442.199 4032.13 1900
1 36 470.807 3773.7 1900
1.5 36 513.495 3388.09 1900
2 36 564.123 2930.75 1900
2.5 36 616.299 2459.43 1900
3 36 664.665 2022.53 1900
3.5 36 705.685 1651.98 1900
4 36 737.823 1361.66 1900
4.5 36 761.226 1150.26 1900
5 36 777.127 1006.62 1900
5.5 36 787.236 915.303 1900
6 36 793.262 860.866 1900
6.5 36 796.635 830.394 1900
7 36 798.411 814.357 1900
7.5 36 799.29 806.415 1900
8 36 799.7 802.712 1900
8.5 36 799.88 801.084 1900
9 36 799.955 800.41 1900
9.5 36 799.984 800.147 1900
10 36 799.995 800.05 1900
-10 36.5 799.988 800.052 1900
-9.5 36.5 799.966 800.155 1900
-9 36.5 799.904 800.433 1900
-8.5 36.5 799.746 801.145 1900
-8 36.5 799.365 802.864 1900
-7.5 36.5 798.497 806.775 1900
-7 36.5 796.635 815.162 1900
-6.5 36.5 792.877 832.098 1900
-6 36.5 785.736 864.28 1900
-5.5 36.5 772.978 921.771 1900
-5 36.5 751.577 1018.21 1900
-4.5 36.5 717.915 1169.91 1900
-4 36.5 668.372 1393.17 1900
-3.5 36.5 600.334 1699.77 1900
-3 36.5 513.495 2091.1 1900
-2.5 36.5 411.104 2552.52 1900
-2 36.5 300.648 3050.28 1900
-1.5 36.5 193.469 3533.27 1900
-1 36.5 103.098 3940.51 1900
-0.5 36.5 42.5349 4213.44 1900
0 36.5 21.1992 4309.58 1900
0.5 36.5 42.5349 4213.44 1900
1 36.5 103.098 3940.51 1900
1.5 36.5 193.469 3533.27 1900
2 36.5 300.648 3050.28 1900
2.5 36.5 411.104 2552.52 1900
3 36.5 513.495 2091.1 1900
3.5 36.5 600.334 1699.77 1900
4 36.5 668.372 1393.17 1900
4.5 36.5 717.915 1169.91 1900
5 36.5 751.577 1018.21 1900
5.5 36.5 772.978 921.771 1900
6 36.5 785.736 864.28 1900
6.5 36.5 792.877 832.098 1900
7 36.5 796.635 815.162 1900
7.5 36.5 798.497 806.775 1900
8 36.5 799.365 802.864 1900
8.5 36.5 799.746 801.145 1900
9 36.5 799.904 800.433 1900
9.5 36.5 799.966 800.155 1900
10 36.5 799.988 800.052 1900
-10 37 799.985 800.058 1900
-9.5 37 799.956 800.171 1900
-9 37 799.877 800.479 1900
-8.5 37 799.674 801.267 1900
-8 37 799.184 803.169 1900
-7.5 37 798.07 807.497 1900
-7 37 795.68 816.779 1900
-6.5 37 790.854 835.52 1900
-6 37 781.684 871.133 1900
-5.5 37 765.303 934.753 1900
-5 37 737.823 1041.48 1900
-4.5 37 694.601 1209.34 1900
-4 37 630.987 1456.4 1900
-3.5 37 543.624 1795.7 1900
-3 37 432.121 2228.75 1900
-2.5 37 300.648 2739.35 1900
-2 37 158.82 3290.17 1900
-1.5 37 21.1992 3824.66 1900
-1 37 -94.8393 4275.32 1900
-0.5 37 -172.604 4577.34 1900
0 37 -200 4683.73 1900
0.5 37 -172.604 4577.34 1900
1 37 -94.8393 4275.32 1900
1.5 37 21.1992 3824.66 1900
2 37 158.82 3290.17 1900
2.5 37 300.648 2739.35 1900
3 37 432.121 2228.75 1900
3.5 37 543.624 1795.7 1900
4 37 630.987 1456.4 1900
4.5 37 694.601 1209.34 1900
5 37 737.823 1041.48 1900
5.5 37 765.303 934.753 1900
6 37 781.684 871.133 1900
6.5 37 790.854 835.52 1900
7 37 795.68 816.779 1900
7.5 37 798.07 807.497 1900
8 37 799.184 803.169 1900
8.5 37 799.674 801.267 1900
9 37 799.877 800.479 1900
9.5 37 799.956 800.171 1900
10 37 799.985 800.058 1900
-10 37.5 799.988 800.07 1900
-9.5 37.5 799.966 800.206 1900
-9 37.5 799.904 800.577 1900
-8.5 37.5 799.746 801.525 1900
-8 37.5 799.365 803.813 1900
-7.5 37.5 798.497 809.021 1900
-7 37.5 796.635 820.188 1900
-6.5 37.5 792.877 842.737 1900
-6 37.5 785.736 885.585 1900
-5.5 37.5 772.978 962.131 1900
-5 37.5 751.577 1090.54 1900
-4.5 37.5 717.915 1292.51 1900
-4 37.5 668.372 1589.77 1900
-3.5 37.5 600.334 1997.99 1900
-3 37.5 513.495 2519.03 1900
-2.5 37.5 411.104 3133.37 1900
-2 37.5 300.648 3796.11 1900
-1.5 37.5 193.469 4439.18 1900
-1 37.5 103.098 4981.41 1900
-0.5 37.5 42.5349 5344.79 1900
0 37.5 21.1992 5472.8 1900
0.5 37.5 42.5349 5344.79 1900
1 37.5 103.098 4981.41 1900
1.5 37.5 193.469 4439.18 1900
2 37.5 300.648 3796.11 1900
2.5 37.5 411.104 3133.37 1900
3 37.5 513.495 2519.03 1900
3.5 37.5 600.334 1997.99 1900
4 37.5 668.372 1589.77 1900
4.5 37.5 717.915 1292.51 1900
5 37.5 751.577 1090.54 1900
5.5 37.5 772.978 962.131 1900
6 37.5 785.736 885.585 1900
6.5 37.5 792.877 842.737 1900
7 37.5 796.635 820.188 1900
7.5 37.5 798.497 809.021 1900
8 37.5 799.365 803.813 1900
8.5 37.5 799.746 801.525 1900
9 37.5 799.904 800.577 1900
9.5 37.5 799.966 800.206 1900
10 37.5 799.988 800.07 1900
-10 38 799.995 800.084 1900
-9.5 38 799.984 800.247 1900
-9 38 799.955 800.691 1900
-8.5 38 799.88 801.826 1900
-8 38 799.7 804.567 1900
-7.5 38 799.29 810.805 1900
-7 38 798.411 824.181 1900
-6.5 38 796.635 851.191 1900
-6 38 793.262 902.515 1900
-5.5 38 787.236 994.202 1900
-5 38 777.127 1148.01 1900
-4.5 38 761.226 1389.93 1900
-4 38 737.823 1745.99 1900
-3.5 38 705.685 2234.97 1900
-3 38 664.665 2859.07 1900
-2.5 38 616.299 3594.94 1900
-2 38 564.123 4388.77 1900
-1.5 38 513.495 5159.05 1900
-1 38 470.807 5808.53 1900
-0.5 38 442.199 6243.79 1900
0 38 432.121 6397.13 1900
0.5 38 442.199 6243.79 1900
1 38 470.807 5808.53 1900
1.5 38 513.495 5159.05 1900
2 38 564.123 4388.77 1900
2.5 38 616.299 3594.94 1900
3 38 664.665 2859.07 1900
3.5 38 705.685 2234.97 1900
4 38 737.823 1745.99 1900
4.5 38 761.226 1389.93 1900
5 38 777.127 1148.01 1900
5.5 38 787.236 994.202 1900
6 38 793.262 902.515 1900
6.5 38 796.635 851.191 1900
7 38 798.411 824.181 1900
7.5 38 799.29 810.805 1900
8 38 799.7 804.567 1900
8.5 38 799.88 801.826 1900
9 38 799.955 800.691 1900
9.5 38 799.984 800.247 1900
10 38 799.995 800.084 1900
-10 38.5 799.998 800.094 1900
-9.5 38.5 799.995 800.278 1900
-9 38.5 799.987 800.777 1900
-8.5 38.5 799.966 802.053 1900
-8 38.5 799.914 805.134 1900
-7.5 38.5 799.797 812.147 1900
-7 38.5 799.545 827.183 1900
-6.5 38.5 799.036 857.547 1900
-6 38.5 798.07 915.244 1900
-5.5 38.5 796.343 1018.32 1900
-5 38.5 793.447 1191.22 1900
-4.5 38.5 788.891 1463.18 1900
-4 38.5 782.186 1863.45 1900
-3.5 38.5 772.978 2413.15 1900
-3 38.5 761.226 3114.74 1900
-2.5 38.5 747.369 3941.98 1900
-2 38.5 732.42 4834.38 1900
-1.5 38.5 717.915 5700.31 1900
-1 38.5 705.685 6430.44 1900
-0.5 38.5 697.488 6919.74 1900
0 38.5 694.601 7092.12 1900
0.5 38.5 697.488 6919.74 1900
1 38.5 705.685 6430.44 1900
1.5 38.5 717.915 5700.31 1900
2 38.5 732.42 4834.38 1900
2.5 38.5 747.369 3941.98 1900
3 38.5 761.226 3114.74 1900
3.5 38.5 772.978 2413.15 1900
4 38.5 782.186 1863.45 1900
4.5 38.5 788.891 1463.18 1900
5 38.5 793.447 1191.22 1900
5.5 38.5 796.343 1018.32 1900
6 38.5 798.07 915.244 1900
6.5 38.5 799.036 857.547 1900
7 38.5 799.545 827.183 1900
7.5 38.5 799.797 812.147 1900
8 38.5 799.914 805.134 1900
8.5 38.5 799.966 802.053 1900
9 38.5 799.987 800.777 1900
9.5 38.5 799.995 800.278 1900
10 38.5 799.998 800.094 1900
-10 39 800 800.1 1900
-9.5 39 799.999 800.296 1900
-9 39 799.998 800.828 1900
-8.5 39 799.994 802.188 1900
-8 39 799.985 805.473 1900
-7.5 39 799.965 812.948 1900
-7 39 799.921 828.977 1900
-6.5 39 799.832 861.344 1900
-6 39 799.665 922.847 1900
-5.5 39 799.365 1032.72 1900
-5 39 798.861 1217.03 1900
-4.5 39 798.07 1506.93 1900
-4 39 796.904 1933.61 1900
-3.5 39 795.304 2519.57 1900
-3 39 793.262 3267.44 1900
-2.5 39 790.854 4149.26 1900
-2 39 788.256 5100.53 1900
-1.5 39 785.736 6023.58 1900
-1 39 783.61 6801.88 1900
-0.5 39 782.186 7323.46 1900
0 39 781.684 7507.21 1900
0.5 39 782.186 7323.46 1900
1 39 783.61 6801.88 1900
1.5 39 785.736 6023.58 1900
2 39 788.256 5100.53 1900
2.5 39 790.854 4149.26 1900
3 39 793.262 3267.44 1900
3.5 39 795.304 2519.57 1900
4 39 796.904 1933.61 1900
4.5 39 798.07 1506.93 1900
5 39 798.861 1217.03 1900
5.5 39 799.365 1032.72 1900
6 39 799.665 922.847 1900
6.5 39 799.832 861.344 1900
7 39 799.921 828.977 1900
7.5 39 799.965 812.948 1900
8 39 799.985 805.473 1900
8.5 39 799.994 802.188 1900
9 39 799.998 800.828 1900
9.5 39 799.999 800.296 1900
10 39 800 800.1 1900
-10 39.5 800 800.104 1900
-9.5 39.5 800 800.306 1900
-9 39.5 800 800.855 1900
-8.5 39.5 799.999 802.261 1900
-8 39.5 799.998 805.654 1900
-7.5 39.5 799.996 813.375 1900
-7 39.5 799.992 829.932 1900
-6.5 39.5 799.982 863.367 1900
-6 39.5 799.965 926.898 1900
-5.5 39.5 799.933 1040.39 1900
-5 39.5 799.88 1230.78 1900
-4.5 39.5 799.797 1530.25 1900
-4 39.5 799.674 1970.99 1900
-3.5 39.5 799.505 2576.28 1900
-3 39.5 799.29 3348.82 1900
-2.5 39.5 799.036 4259.72 1900
-2 39.5 798.762 5242.37 1900
-1.5 39.5 798.497 6195.86 1900
-1 39.5 798.273 6999.82 1900
-0.5 39.5 798.122 7538.61 1900
0 39.5 798.07 7728.42 1900
0.5 39.5 798.122 7538.61 1900
1 39.5 798.273 6999.82 1900
1.5 39.5 798.497 6195.86 1900
2 39.5 798.762 5242.37 1900
2.5 39.5 799.036 4259.72 1900
3 39.5 799.29 3348.82 1900
3.5 39.5 799.505 2576.28 1900
4 39.5 799.674 1970.99 1900
4.5 39.5 799.797 1530.25 1900
5 39.5 799.88 1230.78 1900
5.5 39.5 799.933 1040.39 1900
6 39.5 799.965 926.898 1900
6.5 39.5 799.982 863.367 1900
7 39.5 799.992 829.932 1900
7.5 39.5 799.996 813.375 1900
8 39.5 799.998 805.654 1900
8.5 39.5 799.999 802.261 1900
9 39.5 800 800.855 1900
9.5 39.5 800 800.306 1900
10 39.5 800 800.104 1900
-10 40 800 800.105 1900
-9.5 40 800 800.309 1900
-9 40 800 800.864 1900
-8.5 40 800 802.284 1900
-8 40 800 805.712 1900
-7.5 40 800 813.513 1900
-7 40 799.999 830.241 1900
-6.5 40 799.999 864.021 1900
-6 40 799.998 928.207 1900
-5.5 40 799.996 1042.87 1900
-5 40 799.992 1235.23 1900
-4.5 40 799.987 1537.78 1900
-4 40 799.979 1983.07 1900
-3.5 40 799.968 2594.6 1900
-3 40 799.955 3375.11 1900
-2.5 40 799.938 4295.4 1900
-2 40 799.921 5288.18 1900
-1.5 40 799.904 6251.51 1900
-1 40 799.89 7063.76 1900
-0.5 40 799.88 7608.11 1900
0 40 799.877 7799.88 1900
0.5 40 799.88 7608.11 1900
1 40 799.89 7063.76 1900
1.5 40 799.904 6251.51 1900
2 40 799.921 5288.18 1900
2.5 40 799.938 4295.4 1900
3 40 799.955 3375.11 1900
3.5 40 799.968 2594.6 1900
4 40 799.979 1983.07 1900
4.5 40 799.987 1537.78 1900
5 40 799.992 1235.23 1900
5.5 40 799.996 1042.87 1900
6 40 799.998 928.207 1900
6.5 40 799.999 864.021 1900
7 40 799.999 830.241 1900
7.5 40 800 813.513 1900
8 40 800 805.712 1900
8.5 40 800 802.284 1900
9 40 800 800.864 1900
9.5 40 800 800.309 1900
10 40 800 800.105 1900
-10 40.5 800 800.104 1900
-9.5 40.5 800 800.306 1900
-9 40.5 800 800.855 1900
-8.5 40.5 800 802.261 1900
-8 40.5 800 805.655 1900
-7.5 40.5 800 813.379 1900
-7 40.5 800 829.941 1900
-6.5 40.5 800 863.385 1900
-6 40.5 800 926.934 1900
-5.5 40.5 800 1040.46 1900
-5 40.5 800 1230.9 1900
-4.5 40.5 799.999 1530.45 1900
-4 40.5 799.999 1971.32 1900
-3.5 40.5 799.999 2576.77 1900
-3 40.5 799.998 3349.53 1900
-2.5 40.5 799.998 4260.68 1900
-2 40.5 799.997 5243.6 1900
-1.5 40.5 799.996 6197.36 1900
-1 40.5 799.996 7001.54 1900
-0.5 40.5 799.995 7540.48 1900
0 40.5 799.995 7730.34 1900
0.5 40.5 799.995 7540.48 1900
1 40.5 799.996 7001.54 1900
1.5 40.5 799.996 6197.36 1900
2 40.5 799.997 5243.6 1900
2.5 40.5 799.998 4260.68 1900
3 40.5 799.998 3349.53 1900
3.5 40.5 799.999 2576.77 1900
4 40.5 799.999 1971.32 1900
4.5 40.5 799.999 1530.45 1900
5 40.5 800 1230.9 1900
5.5 40.5 800 1040.46 1900
6 40.5 800 926.934 1900
6.5 40.5 800 863.385 1900
7 40.5 800 829.941 1900
7.5 40.5 800 813.379 1900
8 40.5 800 805.655 1900
8.5 40.5 800 802.261 1900
9 40.5 800 800.855 1900
9.5 40.5 800 800.306 1900
10 40.5 800 800.104 1900
-10 41 800 800.101 1900
-9.5 41 800 800.297 1900
-9 41 800 800.83 1900
-8.5 41 800 802.194 1900
-8 41 800 805.488 1900
-7.5 41 800 812.983 1900
-7 41 800 829.056 1900
-6.5 41 800 861.511 1900
-6 41 800 923.182 1900
-5.5 41 800 1033.35 1900
-5 41 800 1218.17 1900
-4.5 41 800 1508.87 1900
-4 41 800 1936.7 1900
-3.5 41 800 2524.26 1900
-3 41 800 3274.18 1900
-2.5 41 800 4158.4 1900
-2 41 800 5112.28 1900
-1.5 41 800 6037.84 1900
-1 41 800 6818.27 1900
-0.5 41 800 7341.28 1900
0 41 800 7525.53 1900
0.5 41 800 7341.28 1900
1 41 800 6818.27 1900
1.5 41 800 6037.84 1900
2 41 800 5112.28 1900
2.5 41 800 4158.4 1900
3 41 800 3274.18 1900
3.5 41 800 2524.26 1900
4 41 800 1936.7 1900
4.5 41 800 1508.87 1900
5 41 800 1218.17 1900
5.5 41 800 1033.35 1900
6 41 800 923.182 1900
6.5 41 800 861.511 1900
7 41 800 829.056 1900
7.5 41 800 812.983 1900
8 41 800 805.488 1900
8.5 41 800 802.194 1900
9 41 800 800.83 1900
9.5 41 800 800.297 1900
10 41 800 800.101 1900
-10 41.5 800 800.096 1900
-9.5 41.5 800 800.282 1900
-9 41.5 800 800.79 1900
-8.5 41.5 800 802.087 1900
-8 41.5 800 805.22 1900
-7.5 41.5 800 812.35 1900
-7 41.5 800 827.639 1900
-6.5 41.5 800 858.511 1900
-6 41.5 800 917.175 1900
-5.5 41.5 800 1021.97 1900
-5 41.5 800 1197.78 1900
-4.5 41.5 800 1474.29 1900
-4 41.5 800 1881.27 1900
-3.5 41.5 800 2440.17 1900
-3 41.5 800 3153.52 1900
-2.5 41.5 800 3994.61 1900
-2 41.5 800 4901.96 1900
-1.5 41.5 800 5782.39 1900
-1 41.5 800 6524.75 1900
-0.5 41.5 800 7022.25 1900
0 41.5 800 7197.52 1900
0.5 41.5 800 7022.25 1900
1 41.5 800 6524.75 1900
1.5 41.5 800 5782.39 1900
2 41.5 800 4901.96 1900
2.5 41.5 800 3994.61 1900
3 41.5 800 3153.52 1900
3.5 41.5 800 2440.17 1900
4 41.5 800 1881.27 1900
4.5 41.5 800 1474.29 1900
5 41.5 800 1197.78 1900
5.5 41.5 800 1021.97 1900
6 41.5 800 917.175 1900
6.5 41.5 800 858.511 1900
7 41.5 800 827.639 1900
7.5 41.5 800 812.35 1900
8 41.5 800 805.22 1900
8.5 41.5 800 802.087 1900
9 41.5 800 800.79 1900
9.5 41.5 800 800.282 1900
10 41.5 800 800.096 1900
-10 42 800 800.089 1900
-9.5 42 800 800.263 1900
-9 42 800 800.736 1900
-8.5 42 800 801.946 1900
-8 42 800 804.867 1900
-7.5 42 800 811.515 1900
-7 42 800 825.77 1900
-6.5 42 800 854.556 1900
-6 42 800 909.253 1900
-5.5 42 800 1006.97 1900
-5 42 800 1170.88 1900
-4.5 42 800 1428.71 1900
-4 42 800 1808.17 1900
-3.5 42 800 2329.28 1900
-3 42 800 2994.4 1900
-2.5 42 800 3778.64 1900
-2 42 800 4624.65 1900
-1.5 42 800 5445.55 1900
-1 42 800 6137.72 1900
-0.5 42 800 6601.59 1900
0 42 800 6765.01 1900
0.5 42 800 6601.59 1900
1 42 800 6137.72 1900
1.5 42 800 5445.55 1900
2 42 800 4624.65 1900
2.5 42 800 3778.64 1900
3 42 800 2994.4 1900
3.5 42 800 2329.28 1900
4 42 800 1808.17 1900
4.5 42 800 1428.71 1900
5 42 800 1170.88 1900
5.5 42 800 1006.97 1900
6 42 800 909.253 1900
6.5 42 800 854.556 1900
7 42 800 825.77 1900
7.5 42 800 811.515 1900
8 42 800 804.867 1900
8.5 42 800 801.946 1900
9 42 800 800.736 1900
9.5 42 800 800.263 1900
10 42 800 800.089 1900
-10 42.5 800 800.081 1900
-9.5 42.5 800 800.241 1900
-9 42.5 800 800.673 1900
-8.5 42.5 800 801.779 1900
-8 42.5 800 804.448 1900
-7.5 42.5 800 810.524 1900
-7 42.5 800 823.552 1900
-6.5 42.5 800 849.86 1900
-6 42.5 800 899.85 1900
-5.5 42.5 800 989.153 1900
-5 42.5 800 1138.96 1900
-4.5 42.5 800 1374.59 1900
-4 42.5 800 1721.39 1900
-3.5 42.5 800 2197.66 1900
-3 42.5 800 2805.53 1900
-2.5 42.5 800 3522.27 1900
-2 42.5 800 4295.46 1900
-1.5 42.5 800 5045.71 1900
-1 42.5 800 5678.31 1900
-0.5 42.5 800 6102.26 1900
0 42.5 800 6251.61 1900
0.5 42.5 800 6102.26 1900
1 42.5 800 5678.31 1900
1.5 42.5 800 5045.71 1900
2 42.5 800 4295.46 1900
2.5 42.5 800 3522.27 1900
3 42.5 800 2805.53 1900
3.5 42.5 800 2197.66 1900
4 42.5 800 1721.39 1900
4.5 42.5 800 1374.59 1900
5 42.5 800 1138.96 1900
5.5 42.5 800 989.153 1900
6 42.5 800 899.85 1900
6.5 42.5 800 849.86 1900
7 42.5 800 823.552 1900
7.5 42.5 800 810.524 1900
8 42.5 800 804.448 1900
8.5 42.5 800 801.779 1900
9 42.5 800 800.673 1900
9.5 42.5 800 800.241 1900
10 42.5 800 800.081 1900
-10 43 800 800.073 1900
-9.5 43 800 800.216 1900
-9 43 800 800.603 1900
-8.5 43 800 801.593 1900
-8 43 800 803.985 1900
-7.5 43 800 809.428 1900
-7 43 800 821.099 1900
-6.5 43 800 844.666 1900
-6 43 800 889.449 1900
-5.5 43 800 969.449 1900
-5 43 800 1103.65 1900
-4.5 43 800 1314.74 1900
-4 43 800 1625.42 1900
-3.5 43 800 2052.07 1900
-3 43 800 2596.63 1900
-2.5 43 800 3238.7 1900
-2 43 800 3931.35 1900
-1.5 43 800 4603.46 1900
-1 43 800 5170.16 1900
-0.5 43 800 5549.94 1900
0 43 800 5683.73 1900
0.5 43 800 5549.94 1900
1 43 800 5170.16 1900
1.5 43 800 4603.46 1900
2 43 800 3931.35 1900
2.5 43 800 3238.7 1900
3 43 800 2596.63 1900
3.5 43 800 2052.07 1900
4 43 800 1625.42 1900
4.5 43 800 1314.74 1900
5 43 800 1103.65 1900
5.5 43 800 969.449 1900
6 43 800 889.449 1900
6.5 43 800 844.666 1900
7 43 800 821.099 1900
7.5 43 800 809.428 1900
8 43 800 803.985 1900
8.5 43 800 801.593 1900
9 43 800 800.603 1900
9.5 43 800 800.216 1900
10 43 800 800.073 1900
-10 43.5 800 800.064 1900
-9.5 43.5 800 800.189 1900
-9 43.5 800 800.529 1900
-8.5 43.5 800 801.399 1900
-8 43.5 800 803.499 1900
-7.5 43.5 800 808.279 1900
-7 43.5 800 818.527 1900
-6.5 43.5 800 839.221 1900
-6 43.5 800 878.545 1900
-5.5 43.5 800 948.793 1900
-5 43.5 800 1066.64 1900
-4.5 43.5 800 1251.99 1900
-4 43.5 800 1524.79 1900
-3.5 43.5 800 1899.44 1900
-3 43.5 800 2377.61 1900
-2.5 43.5 800 2941.41 1900
-2 43.5 800 3549.63 1900
-1.5 43.5 800 4139.8 1900
-1 43.5 800 4637.42 1900
-0.5 43.5 800 4970.9 1900
0 43.5 800 5088.38 1900
0.5 43.5 800 4970.9 1900
1 43.5 800 4637.42 1900
1.5 43.5 800 4139.8 1900
2 43.5 800 3549.63 1900
2.5 43.5 800 2941.41 1900
3 43.5 800 2377.61 1900
3.5 43.5 800 1899.44 1900
4 43.5 800 1524.79 1900
4.5 43.5 800 1251.99 1900
5 43.5 800 1066.64 1900
5.5 43.5 800 948.793 1900
6 43.5 800 878.545 1900
6.5 43.5 800 839.221 1900
7 43.5 800 818.527 1900
7.5 43.5 800 808.279 1900
8 43.5 800 803.499 1900
8.5 43.5 800 801.399 1900
9 43.5 800 800.529 1900
9.5 43.5 800 800.189 1900
10 43.5 800 800.064 1900
-10 44 800 800.055 1900
-9.5 44 800 800.163 1900
-9 44 800 800.456 1900
-8.5 44 800 801.204 1900
-8 44 800 803.012 1900
-7.5 44 800 807.125 1900
-7 44 800 815.946 1900
-6.5 44 800 833.758 1900
-6 44 800 867.604 1900
-5.5 44 800 928.067 1900
-5 44 800 1029.5 1900
-4.5 44 800 1189.03 1900
-4 44 800 1423.84 1900
-3.5 44 800 1746.29 1900
-3 44 800 2157.86 1900
-2.5 44 800 2643.13 1900
-2 44 800 3166.63 1900
-1.5 44 800 3674.59 1900
-1 44 800 4102.89 1900
-0.5 44 800 4389.93 1900
0 44 800 4491.05 1900
0.5 44 800 4389.93 1900
1 44 800 4102.89 1900
1.5 44 800 3674.59 1900
2 44 800 3166.63 1900
2.5 44 800 2643.13 1900
3 44 800 2157.86 1900
3.5 44 800 1746.29 1900
4 44 800 1423.84 1900
4.5 44 800 1189.03 1900
5 44 800 1029.5 1900
5.5 44 800 928.067 1900
6 44 800 867.604 1900
6.5 44 800 833.758 1900
7 44 800 815.946 1900
7.5 44 800 807.125 1900
8 44 800 803.012 1900
8.5 44 800 801.204 1900
9 44 800 800.456 1900
9.5 44 800 800.163 1900
10 44 800 800.055 1900
-10 44.5 800 800.047 1900
-9.5 44.5 800 800.138 1900
-9 44.5 800 800.384 1900
-8.5 44.5 800 801.016 1900
-8 44.5 800 802.541 1900
-7.5 44.5 800 806.011 1900
-7 44.5 800 813.453 1900
-6.5 44.5 800 828.481 1900
-6 44.5 800 857.035 1900
-5.5 44.5 800 908.046 1900
-5 44.5 800 993.618 1900
-4.5 44.5 800 1128.21 1900
-4 44.5 800 1326.31 1900
-3.5 44.5 800 1598.36 1900
-3 44.5 800 1945.58 1900
-2.5 44.5 800 2354.98 1900
-2 44.5 800 2796.64 1900
-1.5 44.5 800 3225.19 1900
-1 44.5 800 3586.54 1900
-0.5 44.5 800 3828.7 1900
0 44.5 800 3914.01 1900
0.5 44.5 800 3828.7 1900
1 44.5 800 3586.54 1900
1.5 44.5 800 3225.19 1900
2 44.5 800 2796.64 1900
2.5 44.5 800 2354.98 1900
3 44.5 800 1945.58 1900
3.5 44.5 800 1598.36 1900
4 44.5 800 1326.31 1900
4.5 44.5 800 1128.21 1900
5 44.5 800 993.618 1900
5.5 44.5 800 908.046 1900
6 44.5 800 857.035 1900
6.5 44.5 800 828.481 1900
7 44.5 800 813.453 1900
7.5 44.5 800 806.011 1900
8 44.5 800 802.541 1900
8.5 44.5 800 801.016 1900
9 44.5 800 800.384 1900
9.5 44.5 800 800.138 1900
10 44.5 800 800.047 1900
-10 45 800 800.038 1900
-9.5 45 800 800.114 1900
-9 45 800 800.318 1900
-8.5 45 800 800.84 1900
-8 45 800 802.101 1900
-7.5 45 800 804.971 1900
-7 45 800 811.125 1900
-6.5 45 800 823.552 1900
-6 45 800 847.166 1900
-5.5 45 800 889.349 1900
-5 45 800 960.114 1900
-4.5 45 800 1071.42 1900
-4 45 800 1235.24 1900
-3.5 45 800 1460.21 1900
-3 45 800 1747.35 1900
-2.5 45 800 2085.91 1900
-2 45 800 2451.14 1900
-1.5 45 800 2805.53 1900
-1 45 800 3104.35 1900
-0.5 45 800 3304.61 1900
0 45 800 3375.16 1900
0.5 45 800 3304.61 1900
1 45 800 3104.35 1900
1.5 45 800 2805.53 1900
2 45 800 2451.14 1900
2.5 45 800 2085.91 1900
3 45 800 1747.35 1900
3.5 45 800 1460.21 1900
4 45 800 1235.24 1900
4.5 45 800 1071.42 1900
5 45 800 960.114 1900
5.5 45 800 889.349 1900
6 45 800 847.166 1900
6.5 45 800 823.552 1900
7 45 800 811.125 1900
7.5 45 800 804.971 1900
8 45 800 802.101 1900
8.5 45 800 800.84 1900
9 45 800 800.318 1900
9.5 45 800 800.114 1900
10 45 800 800.038 1900
-10 45.5 800 800.031 1900
-9.5 45.5 800 800.092 1900
-9 45.5 800 800.258 1900
-8.5 45.5 800 800.681 1900
-8 45.5 800 801.703 1900
-7.5 45.5 800 804.03 1900
-7 45.5 800 809.018 1900
-6.5 45.5 800 819.091 1900
-6 45.5 800 838.232 1900
-5.5 45.5 800 872.425 1900
-5 45.5 800 929.786 1900
-4.5 45.5 800 1020.01 1900
-4 45.5 800 1152.8 1900
-3.5 45.5 800 1335.15 1900
-3 45.5 800 1567.9 1900
-2.5 45.5 800 1842.34 1900
-2 45.5 800 2138.39 1900
-1.5 45.5 800 2425.65 1900
-1 45.5 800 2667.87 1900
-0.5 45.5 800 2830.2 1900
0 45.5 800 2887.38 1900
0.5 45.5 800 2830.2 1900
1 45.5 800 2667.87 1900
1.5 45.5 800 2425.65 1900
2 45.5 800 2138.39 1900
2.5 45.5 800 1842.34 1900
3 45.5 800 1567.9 1900
3.5 45.5 800 1335.15 1900
4 45.5 800 1152.8 1900
4.5 45.5 800 1020.01 1900
5 45.5 800 929.786 1900
5.5 45.5 800 872.425 1900
6 45.5 800 838.232 1900
6.5 45.5 800 819.091 1900
7 45.5 800 809.018 1900
7.5 45.5 800 804.03 1900
8 45.5 800 801.703 1900
8.5 45.5 800 800.681 1900
9 45.5 800 800.258 1900
9.5 45.5 800 800.092 1900
10 45.5 800 800.031 1900
-10 46 800 800.025 1900
-9.5 46 800 800.073 1900
-9 46 800 800.205 1900
-8.5 46 800 800.541 1900
-8 46 800 801.353 1900
-7.5 46 800 803.202 1900
-7 46 800 807.165 1900
-6.5 46 800 815.169 1900
-6 46 800 830.376 1900
-5.5 46 800 857.544 1900
-5 46 800 903.119 1900
-4.5 46 800 974.804 1900
-4 46 800 1080.31 1900
-3.5 46 800 1225.2 1900
-3 46 800 1410.13 1900
-2.5 46 800 1628.17 1900
-2 46 800 1863.39 1900
-1.5 46 800 2091.64 1900
-1 46 800 2284.09 1900
-0.5 46 800 2413.06 1900
0 46 800 2458.49 1900
0.5 46 800 2413.06 1900
1 46 800 2284.09 1900
1.5 46 800 2091.64 1900
2 46 800 1863.39 1900
2.5 46 800 1628.17 1900
3 46 800 1410.13 1900
3.5 46 800 1225.2 1900
4 46 800 1080.31 1900
4.5 46 800 974.804 1900
5 46 800 903.119 1900
5.5 46 800 857.544 1900
6 46 800 830.376 1900
6.5 46 800 815.169 1900
7 46 800 807.165 1900
7.5 46 800 803.202 1900
8 46 800 801.353 1900
8.5 46 800 800.541 1900
9 46 800 800.205 1900
9.5 46 800 800.073 1900
10 46 800 800.025 1900
-10 46.5 800 800.019 1900
-9.5 46.5 800 800.057 1900
-9 46.5 800 800.159 1900
-8.5 46.5 800 800.421 1900
-8 46.5 800 801.054 1900
-7.5 46.5 800 802.493 1900
-7 46.5 800 805.58 1900
-6.5 46.5 800 811.813 1900
-6 46.5 800 823.657 1900
-5.5 46.5 800 844.816 1900
-5 46.5 800 880.309 1900
-4.5 46.5 800 936.138 1900
-4 46.5 800 1018.3 1900
-3.5 46.5 800 1131.14 1900
-3 46.5 800 1275.17 1900
-2.5 46.5 800 1444.98 1900
-2 46.5 800 1628.17 1900
-1.5 46.5 800 1805.93 1900
-1 46.5 800 1955.81 1900
-0.5 46.5 800 2056.25 1900
0 46.5 800 2091.64 1900
0.5 46.5 800 2056.25 1900
1 46.5 800 1955.81 1900
1.5 46.5 800 1805.93 1900
2 46.5 800 1628.17 1900
2.5 46.5 800 1444.98 1900
3 46.5 800 1275.17 1900
3.5 46.5 800 1131.14 1900
4 46.5 800 1018.3 1900
4.5 46.5 800 936.138 1900
5 46.5 800 880.309 1900
5.5 46.5 800 844.816 1900
6 46.5 800 823.657 1900
6.5 46.5 800 811.813 1900
7 46.5 800 805.58 1900
7.5 46.5 800 802.493 1900
8 46.5 800 801.054 1900
8.5 46.5 800 800.421 1900
9 46.5 800 800.159 1900
9.5 46.5 800 800.057 1900
10 46.5 800 800.019 1900
-10 47 800 800.015 1900
-9.5 47 800 800.044 1900
-9 47 800 800.122 1900
-8.5 47 800 800.322 1900
-8 47 800 800.805 1900
-7.5 47 800 801.903 1900
-7 47 800 804.26 1900
-6.5 47 800 809.018 1900
-6 47 800 818.059 1900
-5.5 47 800 834.211 1900
-5 47 800 861.307 1900
-4.5 47 800 903.925 1900
-4 47 800 966.649 1900
-3.5 47 800 1052.79 1900
-3 47 800 1162.73 1900
-2.5 47 800 1292.37 1900
-2 47 800 1432.21 1900
-1.5 47 800 1567.9 1900
-1 47 800 1682.32 1900
-0.5 47 800 1759 1900
0 47 800 1786.01 1900
0.5 47 800 1759 1900
1 47 800 1682.32 1900
1.5 47 800 1567.9 1900
2 47 800 1432.21 1900
2.5 47 800 1292.37 1900
3 47 800 1162.73 1900
3.5 47 800 1052.79 1900
4 47 800 966.649 1900
4.5 47 800 903.925 1900
5 47 800 861.307 1900
5.5 47 800 834.211 1900
6 47 800 818.059 1900
6.5 47 800 809.018 1900
7 47 800 804.26 1900
7.5 47 800 801.903 1900
8 47 800 800.805 1900
8.5 47 800 800.322 1900
9 47 800 800.122 1900
9.5 47 800 800.044 1900
10 47 800 800.015 1900
-10 47.5 800 800.011 1900
-9.5 47.5 800 800.033 1900
-9 47.5 800 800.091 1900
-8.5 47.5 800 800.241 1900
-8 47.5 800 800.602 1900
-7.5 47.5 800 801.424 1900
-7 47.5 800 803.187 1900
-6.5 47.5 800 806.748 1900
-6 47.5 800 813.513 1900
-5.5 47.5 800 825.599 1900
-5 47.5 800 845.874 1900
-4.5 47.5 800 877.763 1900
-4 47.5 800 924.697 1900
-3.5 47.5 800 989.153 1900
-3 47.5 800 1071.42 1900
-2.5 47.5 800 1168.42 1900
-2 47.5 800 1273.06 1900
-1.5 47.5 800 1374.59 1900
-1 47.5 800 1460.21 1900
-0.5 47.5 800 1517.58 1900
0 47.5 800 1537.79 1900
0.5 47.5 800 1517.58 1900
1 47.5 800 1460.21 1900
1.5 47.5 800 1374.59 1900
2 47.5 800 1273.06 1900
2.5 47.5 800 1168.42 1900
3 47.5 800 1071.42 1900
3.5 47.5 800 989.153 1900
4 47.5 800 924.697 1900
4.5 47.5 800 877.763 1900
5 47.5 800 845.874 1900
5.5 47.5 800 825.599 1900
6 47.5 800 813.513 1900
6.5 47.5 800 806.748 1900
7 47.5 800 803.187 1900
7.5 47.5 800 801.424 1900
8 47.5 800 800.602 1900
8.5 47.5 800 800.241 1900
9 47.5 800 800.091 1900
9.5 47.5 800 800.033 1900
10 47.5 800 800.011 1900
-10 48 800 800.008 1900
-9.5 48 800 800.024 1900
-9 48 800 800.067 1900
-8.5 48 800 800.177 1900
-8 48 800 800.442 1900
-7.5 48 800 801.045 1900
-7 48 800 802.338 1900
-6.5 48 800 804.949 1900
-6 48 800 809.911 1900
-5.5 48 800 818.776 1900
-5 48 800 833.646 1900
-4.5 48 800 857.035 1900
-4 48 800 891.459 1900
-3.5 48 800 938.733 1900
-3 48 800 999.072 1900
-2.5 48 800 1070.22 1900
-2 48 800 1146.96 1900
-1.5 48 800 1221.43 1900
-1 48 800 1284.23 1900
-0.5 48 800 1326.31 1900
0 48 800 1341.13 1900
0.5 48 800 1326.31 1900
1 48 800 1284.23 1900
1.5 48 800 1221.43 1900
2 48 800 1146.96 1900
2.5 48 800 1070.22 1900
3 48 800 999.072 1900
3.5 48 800 938.733 1900
4 48 800 891.459 1900
4.5 48 800 857.035 1900
5 48 800 833.646 1900
5.5 48 800 818.776 1900
6 48 800 809.911 1900
6.5 48 800 804.949 1900
7 48 800 802.338 1900
7.5 48 800 801.045 1900
8 48 800 800.442 1900
8.5 48 800 800.177 1900
9 48 800 800.067 1900
9.5 48 800 800.024 1900
10 48 800 800.008 1900
-10 48.5 800 800.006 1900
-9.5 48.5 800 800.017 1900
-9 48.5 800 800.048 1900
-8.5 48.5 800 800.127 1900
-8 48.5 800 800.317 1900
-7.5 48.5 800 800.751 1900
-7 48.5 800 801.681 1900
-6.5 48.5 800 803.558 1900
-6 48.5 800 807.125 1900
-5.5 48.5 800 813.498 1900
-5 48.5 800 824.189 1900
-4.5 48.5 800 841.004 1900
-4 48.5 800 865.752 1900
-3.5 48.5 800 899.739 1900
-3 48.5 800 943.117 1900
-2.5 48.5 800 994.265 1900
-2 48.5 800 1049.44 1900
-1.5 48.5 800 1102.98 1900
-1 48.5 800 1148.12 1900
-0.5 48.5 800 1178.38 1900
0 48.5 800 1189.03 1900
0.5 48.5 800 1178.38 1900
1 48.5 800 1148.12 1900
1.5 48.5 800 1102.98 1900
2 48.5 800 1049.44 1900
2.5 48.5 800 994.265 1900
3 48.5 800 943.117 1900
3.5 48.5 800 899.739 1900
4 48.5 800 865.752 1900
4.5 48.5 800 841.004 1900
5 48.5 800 824.189 1900
5.5 48.5 800 813.498 1900
6 48.5 800 807.125 1900
6.5 48.5 800 803.558 1900
7 48.5 800 801.681 1900
7.5 48.5 800 800.751 1900
8 48.5 800 800.317 1900
8.5 48.5 800 800.127 1900
9 48.5 800 800.048 1900
9.5 48.5 800 800.017 1900
10 48.5 800 800.006 1900
-10 49 800 800.004 1900
-9.5 49 800 800.012 1900
-9 49 800 800.034 1900
-8.5 49 800 800.089 1900
-8 49 800 800.224 1900
-7.5 49 800 800.529 1900
-7 49 800 801.184 1900
-6.5 49 800 802.507 1900
-6 49 800 805.021 1900
-5.5 49 800 809.512 1900
-5 49 800 817.046 1900
-4.5 49 800 828.895 1900
-4 49 800 846.335 1900
-3.5 49 800 870.285 1900
-3 49 800 900.853 1900
-2.5 49 800 936.896 1900
-2 49 800 975.778 1900
-1.5 49 800 1013.51 1900
-1 49 800 1045.32 1900
-0.5 49 800 1066.64 1900
0 49 800 1074.15 1900
0.5 49 800 1066.64 1900
1 49 800 1045.32 1900
1.5 49 800 1013.51 1900
2 49 800 975.778 1900
2.5 49 800 936.896 1900
3 49 800 900.853 1900
3.5 49 800 870.285 1900
4 49 800 846.335 1900
4.5 49 800 828.895 1900
5 49 800 817.046 1900
5.5 49 800 809.512 1900
6 49 800 805.021 1900
6.5 49 800 802.507 1900
7 49 800 801.184 1900
7.5 49 800 800.529 1900
8 49 800 800.224 1900
8.5 49 800 800.089 1900
9 49 800 800.034 1900
9.5 49 800 800.012 1900
10 49 800 800.004 1900
-10 49.5 800 800.003 1900
-9.5 49.5 800 800.008 1900
-9 49.5 800 800.023 1900
-8.5 49.5 800 800.062 1900
-8 49.5 800 800.155 1900
-7.5 49.5 800 800.366 1900
-7 49.5 800 800.818 1900
-6.5 49.5 800 801.732 1900
-6 49.5 800 803.468 1900
-5.5 49.5 800 806.57 1900
-5 49.5 800 811.774 1900
-4.5 49.5 800 819.959 1900
-4 49.5 800 832.005 1900
-3.5 49.5 800 848.548 1900
-3 49.5 800 869.663 1900
-2.5 49.5 800 894.559 1900
-2 49.5 800 921.416 1900
-1.5 49.5 800 947.476 1900
-1 49.5 800 969.449 1900
-0.5 49.5 800 984.175 1900
0 49.5 800 989.363 1900
0.5 49.5 800 984.175 1900
1 49.5 800 969.449 1900
1.5 49.5 800 947.476 1900
2 49.5 800 921.416 1900
2.5 49.5 800 894.559 1900
3 49.5 800 869.663 1900
3.5 49.5 800 848.548 1900
4 49.5 800 832.005 1900
4.5 49.5 800 819.959 1900
5 49.5 800 811.774 1900
5.5 49.5 800 806.57 1900
6 49.5 800 803.468 1900
6.5 49.5 800 801.732 1900
7 49.5 800 800.818 1900
7.5 49.5 800 800.366 1900
8 49.5 800 800.155 1900
8.5 49.5 800 800.062 1900
9 49.5 800 800.023 1900
9.5 49.5 800 800.008 1900
10 49.5 800 800.003 1900
-10 50 800 800.002 1900
-9.5 50 800 800.006 1900
-9 50 800 800.016 1900
-8.5 50 800 800.042 1900
-8 50 800 800.105 1900
-7.5 50 800 800.248 1900
-7 50 800 800.554 1900
-6.5 50 800 801.173 1900
-6 50 800 802.348 1900
-5.5 50 800 804.448 1900
-5 50 800 807.972 1900
-4.5 50 800 813.513 1900
-4 50 800 821.669 1900
-3.5 50 800 832.87 1900
-3 50 800 847.166 1900
-2.5 50 800 864.022 1900
-2 50 800 882.205 1900
-1.5 50 800 899.85 1900
-1 50 800 914.727 1900
-0.5 50 800 924.697 1900
0 50 800 928.209 1900
0.5 50 800 924.697 1900
1 50 800 914.727 1900
1.5 50 800 899.85 1900
2 50 800 882.205 1900
2.5 50 800 864.022 1900
3 50 800 847.166 1900
3.5 50 800 832.87 1900
4 50 800 821.669 1900
4.5 50 800 813.513 1900
5 50 800 807.972 1900
5.5 50 800 804.448 1900
6 50 800 802.348 1900
6.5 50 800 801.173 1900
7 50 800 800.554 1900
7.5 50 800 800.248 1900
8 50 800 800.105 1900
8.5 50 800 800.042 1900
9 50 800 800.016 1900
9.5 50 800 800.006 1900
10 50 800 800.002 1900
