# Tesseroid model generated by tesslayers 1.1dev:
#   local time: Fri Jul 20 18:02:45 2012
#   grid spacing (size of tesseroids): 0.5 deg lon / 0.5 deg lat
-10.25 -9.75 29.75 30.25 800 -0.00200000032782555 1900
-9.75 -9.25 29.75 30.25 800 -0.00600000005215406 1900
-9.25 -8.75 29.75 30.25 800 -0.0159999998286366 1900
-8.75 -8.25 29.75 30.25 800 -0.0420000003650784 1900
-8.25 -7.75 29.75 30.25 800 -0.105000000447035 1900
-7.75 -7.25 29.75 30.25 800 -0.247999999672174 1900
-7.25 -6.75 29.75 30.25 800 -0.553999999538064 1900
-6.75 -6.25 29.75 30.25 800 -1.17300000041723 1900
-6.25 -5.75 29.75 30.25 800 -2.34800000023097 1900
-5.75 -5.25 29.75 30.25 800 -4.44799999985844 1900
-5.25 -4.75 29.75 30.25 800 -7.97200000006706 1900
-4.75 -4.25 29.75 30.25 800 -13.5130000002682 1900
-4.25 -3.75 29.75 30.25 800 -21.6689999997616 1900
-3.75 -3.25 29.75 30.25 800 -32.8700000001118 1900
-3.25 -2.75 29.75 30.25 800 -47.1660000002012 1900
-2.75 -2.25 29.75 30.25 800 -64.0219999998808 1900
-2.25 -1.75 29.75 30.25 800 -82.2050000000745 1900
-1.75 -1.25 29.75 30.25 800 -99.8499999996275 1900
-1.25 -0.75 29.75 30.25 800 -114.726999999955 1900
-0.75 -0.25 29.75 30.25 800 -124.696999999695 1900
-0.25 0.25 29.75 30.25 800 -128.208999999799 1900
0.25 0.75 29.75 30.25 800 -124.696999999695 1900
0.75 1.25 29.75 30.25 800 -114.726999999955 1900
1.25 1.75 29.75 30.25 800 -99.8499999996275 1900
1.75 2.25 29.75 30.25 800 -82.2050000000745 1900
2.25 2.75 29.75 30.25 800 -64.0219999998808 1900
2.75 3.25 29.75 30.25 800 -47.1660000002012 1900
3.25 3.75 29.75 30.25 800 -32.8700000001118 1900
3.75 4.25 29.75 30.25 800 -21.6689999997616 1900
4.25 4.75 29.75 30.25 800 -13.5130000002682 1900
4.75 5.25 29.75 30.25 800 -7.97200000006706 1900
5.25 5.75 29.75 30.25 800 -4.44799999985844 1900
5.75 6.25 29.75 30.25 800 -2.34800000023097 1900
6.25 6.75 29.75 30.25 800 -1.17300000041723 1900
6.75 7.25 29.75 30.25 800 -0.553999999538064 1900
7.25 7.75 29.75 30.25 800 -0.247999999672174 1900
7.75 8.25 29.75 30.25 800 -0.105000000447035 1900
8.25 8.75 29.75 30.25 800 -0.0420000003650784 1900
8.75 9.25 29.75 30.25 800 -0.0159999998286366 1900
9.25 9.75 29.75 30.25 800 -0.00600000005215406 1900
9.75 10.25 29.75 30.25 800 -0.00200000032782555 1900
-10.25 -9.75 30.25 30.75 800 -0.00299999956041574 1900
-9.75 -9.25 30.25 30.75 800 -0.00800000037997961 1900
-9.25 -8.75 30.25 30.75 800 -0.0230000000447035 1900
-8.75 -8.25 30.25 30.75 800 -0.0619999999180436 1900
-8.25 -7.75 30.25 30.75 800 -0.15500000026077 1900
-7.75 -7.25 30.25 30.75 800 -0.36600000038743 1900
-7.25 -6.75 30.25 30.75 800 -0.817999999970198 1900
-6.75 -6.25 30.25 30.75 800 -1.73199999984354 1900
-6.25 -5.75 30.25 30.75 800 -3.46800000034273 1900
-5.75 -5.25 30.25 30.75 800 -6.57000000029802 1900
-5.25 -4.75 30.25 30.75 800 -11.7740000002086 1900
-4.75 -4.25 30.25 30.75 800 -19.9589999997988 1900
-4.25 -3.75 30.25 30.75 800 -32.0049999998882 1900
-3.75 -3.25 30.25 30.75 800 -48.5480000004172 1900
-3.25 -2.75 30.25 30.75 800 -69.6629999997094 1900
-2.75 -2.25 30.25 30.75 800 -94.5590000003576 1900
-2.25 -1.75 30.25 30.75 800 -121.416000000201 1900
-1.75 -1.25 30.25 30.75 800 -147.475999999791 1900
-1.25 -0.75 30.25 30.75 800 -169.449000000022 1900
-0.75 -0.25 30.25 30.75 800 -184.174999999814 1900
-0.25 0.25 30.25 30.75 800 -189.362999999896 1900
0.25 0.75 30.25 30.75 800 -184.174999999814 1900
0.75 1.25 30.25 30.75 800 -169.449000000022 1900
1.25 1.75 30.25 30.75 800 -147.475999999791 1900
1.75 2.25 30.25 30.75 800 -121.416000000201 1900
2.25 2.75 30.25 30.75 800 -94.5590000003576 1900
2.75 3.25 30.25 30.75 800 -69.6629999997094 1900
3.25 3.75 30.25 30.75 800 -48.5480000004172 1900
3.75 4.25 30.25 30.75 800 -32.0049999998882 1900
4.25 4.75 30.25 30.75 800 -19.9589999997988 1900
4.75 5.25 30.25 30.75 800 -11.7740000002086 1900
5.25 5.75 30.25 30.75 800 -6.57000000029802 1900
5.75 6.25 30.25 30.75 800 -3.46800000034273 1900
6.25 6.75 30.25 30.75 800 -1.73199999984354 1900
6.75 7.25 30.25 30.75 800 -0.817999999970198 1900
7.25 7.75 30.25 30.75 800 -0.36600000038743 1900
7.75 8.25 30.25 30.75 800 -0.15500000026077 1900
8.25 8.75 30.25 30.75 800 -0.0619999999180436 1900
8.75 9.25 30.25 30.75 800 -0.0230000000447035 1900
9.25 9.75 30.25 30.75 800 -0.00800000037997961 1900
9.75 10.25 30.25 30.75 800 -0.00299999956041574 1900
-10.25 -9.75 30.75 31.25 800 -0.00399999972432852 1900
-9.75 -9.25 30.75 31.25 800 -0.0120000001043081 1900
-9.25 -8.75 30.75 31.25 800 -0.0339999999850988 1900
-8.75 -8.25 30.75 31.25 800 -0.0889999996870756 1900
-8.25 -7.75 30.75 31.25 800 -0.224000000394881 1900
-7.75 -7.25 30.75 31.25 800 -0.529000000096858 1900
-7.25 -6.75 30.75 31.25 800 -1.18400000035763 1900
-6.75 -6.25 30.75 31.25 800 -2.50700000021607 1900
-6.25 -5.75 30.75 31.25 800 -5.02099999971688 1900
-5.75 -5.25 30.75 31.25 800 -9.51200000010431 1900
-5.25 -4.75 30.75 31.25 800 -17.0460000000894 1900
-4.75 -4.25 30.75 31.25 800 -28.894999999553 1900
-4.25 -3.75 30.75 31.25 800 -46.3349999999627 1900
-3.75 -3.25 30.75 31.25 800 -70.285000000149 1900
-3.25 -2.75 30.75 31.25 800 -100.853000000119 1900
-2.75 -2.25 30.75 31.25 800 -136.895999999717 1900
-2.25 -1.75 30.75 31.25 800 -175.777999999933 1900
-1.75 -1.25 30.75 31.25 800 -213.509999999776 1900
-1.25 -0.75 30.75 31.25 800 -245.320000000298 1900
-0.75 -0.25 30.75 31.25 800 -266.639999999665 1900
-0.25 0.25 30.75 31.25 800 -274.150000000373 1900
0.25 0.75 30.75 31.25 800 -266.639999999665 1900
0.75 1.25 30.75 31.25 800 -245.320000000298 1900
1.25 1.75 30.75 31.25 800 -213.509999999776 1900
1.75 2.25 30.75 31.25 800 -175.777999999933 1900
2.25 2.75 30.75 31.25 800 -136.895999999717 1900
2.75 3.25 30.75 31.25 800 -100.853000000119 1900
3.25 3.75 30.75 31.25 800 -70.285000000149 1900
3.75 4.25 30.75 31.25 800 -46.3349999999627 1900
4.25 4.75 30.75 31.25 800 -28.894999999553 1900
4.75 5.25 30.75 31.25 800 -17.0460000000894 1900
5.25 5.75 30.75 31.25 800 -9.51200000010431 1900
5.75 6.25 30.75 31.25 800 -5.02099999971688 1900
6.25 6.75 30.75 31.25 800 -2.50700000021607 1900
6.75 7.25 30.75 31.25 800 -1.18400000035763 1900
7.25 7.75 30.75 31.25 800 -0.529000000096858 1900
7.75 8.25 30.75 31.25 800 -0.224000000394881 1900
8.25 8.75 30.75 31.25 800 -0.0889999996870756 1900
8.75 9.25 30.75 31.25 800 -0.0339999999850988 1900
9.25 9.75 30.75 31.25 800 -0.0120000001043081 1900
9.75 10.25 30.75 31.25 800 -0.00399999972432852 1900
-10.25 -9.75 31.25 31.75 800 -0.00600000005215406 1900
-9.75 -9.25 31.25 31.75 800 -0.0169999999925494 1900
-9.25 -8.75 31.25 31.75 800 -0.0480000004172325 1900
-8.75 -8.25 31.25 31.75 800 -0.127000000327826 1900
-8.25 -7.75 31.25 31.75 800 -0.316999999806285 1900
-7.75 -7.25 31.25 31.75 800 -0.751000000163913 1900
-7.25 -6.75 31.25 31.75 800 -1.68099999986589 1900
-6.75 -6.25 31.25 31.75 800 -3.55800000019372 1900
-6.25 -5.75 31.25 31.75 800 -7.125 1900
-5.75 -5.25 31.25 31.75 800 -13.4979999996722 1900
-5.25 -4.75 31.25 31.75 800 -24.1890000002459 1900
-4.75 -4.25 31.25 31.75 800 -41.0039999997243 1900
-4.25 -3.75 31.25 31.75 800 -65.7520000003278 1900
-3.75 -3.25 31.25 31.75 800 -99.7390000000596 1900
-3.25 -2.75 31.25 31.75 800 -143.11699999962 1900
-2.75 -2.25 31.25 31.75 800 -194.264999999665 1900
-2.25 -1.75 31.25 31.75 800 -249.44000000041 1900
-1.75 -1.25 31.25 31.75 800 -302.980000000447 1900
-1.25 -0.75 31.25 31.75 800 -348.120000000112 1900
-0.75 -0.25 31.25 31.75 800 -378.379999999888 1900
-0.25 0.25 31.25 31.75 800 -389.030000000261 1900
0.25 0.75 31.25 31.75 800 -378.379999999888 1900
0.75 1.25 31.25 31.75 800 -348.120000000112 1900
1.25 1.75 31.25 31.75 800 -302.980000000447 1900
1.75 2.25 31.25 31.75 800 -249.44000000041 1900
2.25 2.75 31.25 31.75 800 -194.264999999665 1900
2.75 3.25 31.25 31.75 800 -143.11699999962 1900
3.25 3.75 31.25 31.75 800 -99.7390000000596 1900
3.75 4.25 31.25 31.75 800 -65.7520000003278 1900
4.25 4.75 31.25 31.75 800 -41.0039999997243 1900
4.75 5.25 31.25 31.75 800 -24.1890000002459 1900
5.25 5.75 31.25 31.75 800 -13.4979999996722 1900
5.75 6.25 31.25 31.75 800 -7.125 1900
6.25 6.75 31.25 31.75 800 -3.55800000019372 1900
6.75 7.25 31.25 31.75 800 -1.68099999986589 1900
7.25 7.75 31.25 31.75 800 -0.751000000163913 1900
7.75 8.25 31.25 31.75 800 -0.316999999806285 1900
8.25 8.75 31.25 31.75 800 -0.127000000327826 1900
8.75 9.25 31.25 31.75 800 -0.0480000004172325 1900
9.25 9.75 31.25 31.75 800 -0.0169999999925494 1900
9.75 10.25 31.25 31.75 800 -0.00600000005215406 1900
-10.25 -9.75 31.75 32.25 800 -0.00800000037997961 1900
-9.75 -9.25 31.75 32.25 800 -0.0240000002086163 1900
-9.25 -8.75 31.75 32.25 800 -0.0669999998062849 1900
-8.75 -8.25 31.75 32.25 800 -0.177000000141561 1900
-8.25 -7.75 31.75 32.25 800 -0.441999999806285 1900
-7.75 -7.25 31.75 32.25 800 -1.04499999992549 1900
-7.25 -6.75 31.75 32.25 800 -2.33800000045449 1900
-6.75 -6.25 31.75 32.25 800 -4.94900000002235 1900
-6.25 -5.75 31.75 32.25 800 -9.91100000031292 1900
-5.75 -5.25 31.75 32.25 800 -18.7759999996051 1900
-5.25 -4.75 31.75 32.25 800 -33.6459999997169 1900
-4.75 -4.25 31.75 32.25 800 -57.035000000149 1900
-4.25 -3.75 31.75 32.25 800 -91.4589999997988 1900
-3.75 -3.25 31.75 32.25 800 -138.733000000007 1900
-3.25 -2.75 31.75 32.25 800 -199.071999999695 1900
-2.75 -2.25 31.75 32.25 800 -270.219999999739 1900
-2.25 -1.75 31.75 32.25 800 -346.959999999963 1900
-1.75 -1.25 31.75 32.25 800 -421.429999999702 1900
-1.25 -0.75 31.75 32.25 800 -484.230000000447 1900
-0.75 -0.25 31.75 32.25 800 -526.30999999959 1900
-0.25 0.25 31.75 32.25 800 -541.129999999888 1900
0.25 0.75 31.75 32.25 800 -526.30999999959 1900
0.75 1.25 31.75 32.25 800 -484.230000000447 1900
1.25 1.75 31.75 32.25 800 -421.429999999702 1900
1.75 2.25 31.75 32.25 800 -346.959999999963 1900
2.25 2.75 31.75 32.25 800 -270.219999999739 1900
2.75 3.25 31.75 32.25 800 -199.071999999695 1900
3.25 3.75 31.75 32.25 800 -138.733000000007 1900
3.75 4.25 31.75 32.25 800 -91.4589999997988 1900
4.25 4.75 31.75 32.25 800 -57.035000000149 1900
4.75 5.25 31.75 32.25 800 -33.6459999997169 1900
5.25 5.75 31.75 32.25 800 -18.7759999996051 1900
5.75 6.25 31.75 32.25 800 -9.91100000031292 1900
6.25 6.75 31.75 32.25 800 -4.94900000002235 1900
6.75 7.25 31.75 32.25 800 -2.33800000045449 1900
7.25 7.75 31.75 32.25 800 -1.04499999992549 1900
7.75 8.25 31.75 32.25 800 -0.441999999806285 1900
8.25 8.75 31.75 32.25 800 -0.177000000141561 1900
8.75 9.25 31.75 32.25 800 -0.0669999998062849 1900
9.25 9.75 31.75 32.25 800 -0.0240000002086163 1900
9.75 10.25 31.75 32.25 800 -0.00800000037997961 1900
-10.25 -9.75 32.25 32.75 800 -0.0109999999403954 1900
-9.75 -9.25 32.25 32.75 800 -0.0329999998211861 1900
-9.25 -8.75 32.25 32.75 800 -0.0910000000149012 1900
-8.75 -8.25 32.25 32.75 800 -0.24100000038743 1900
-8.25 -7.75 32.25 32.75 800 -0.601999999955297 1900
-7.75 -7.25 32.25 32.75 800 -1.42399999964982 1900
-7.25 -6.75 32.25 32.75 800 -3.18699999991804 1900
-6.75 -6.25 32.25 32.75 800 -6.74799999967217 1900
-6.25 -5.75 32.25 32.75 800 -13.5130000002682 1900
-5.75 -5.25 32.25 32.75 800 -25.5990000003949 1900
-5.25 -4.75 32.25 32.75 800 -45.8739999998361 1900
-4.75 -4.25 32.25 32.75 800 -77.7630000002682 1900
-4.25 -3.75 32.25 32.75 800 -124.696999999695 1900
-3.75 -3.25 32.25 32.75 800 -189.152999999933 1900
-3.25 -2.75 32.25 32.75 800 -271.419999999925 1900
-2.75 -2.25 32.25 32.75 800 -368.419999999925 1900
-2.25 -1.75 32.25 32.75 800 -473.05999999959 1900
-1.75 -1.25 32.25 32.75 800 -574.589999999851 1900
-1.25 -0.75 32.25 32.75 800 -660.209999999963 1900
-0.75 -0.25 32.25 32.75 800 -717.580000000075 1900
-0.25 0.25 32.25 32.75 800 -737.790000000037 1900
0.25 0.75 32.25 32.75 800 -717.580000000075 1900
0.75 1.25 32.25 32.75 800 -660.209999999963 1900
1.25 1.75 32.25 32.75 800 -574.589999999851 1900
1.75 2.25 32.25 32.75 800 -473.05999999959 1900
2.25 2.75 32.25 32.75 800 -368.419999999925 1900
2.75 3.25 32.25 32.75 800 -271.419999999925 1900
3.25 3.75 32.25 32.75 800 -189.152999999933 1900
3.75 4.25 32.25 32.75 800 -124.696999999695 1900
4.25 4.75 32.25 32.75 800 -77.7630000002682 1900
4.75 5.25 32.25 32.75 800 -45.8739999998361 1900
5.25 5.75 32.25 32.75 800 -25.5990000003949 1900
5.75 6.25 32.25 32.75 800 -13.5130000002682 1900
6.25 6.75 32.25 32.75 800 -6.74799999967217 1900
6.75 7.25 32.25 32.75 800 -3.18699999991804 1900
7.25 7.75 32.25 32.75 800 -1.42399999964982 1900
7.75 8.25 32.25 32.75 800 -0.601999999955297 1900
8.25 8.75 32.25 32.75 800 -0.24100000038743 1900
8.75 9.25 32.25 32.75 800 -0.0910000000149012 1900
9.25 9.75 32.25 32.75 800 -0.0329999998211861 1900
9.75 10.25 32.25 32.75 800 -0.0109999999403954 1900
-10.25 -9.75 32.75 33.25 800 -0.0149999996647239 1900
-9.75 -9.25 32.75 33.25 800 -0.0439999997615814 1900
-9.25 -8.75 32.75 33.25 800 -0.122000000439584 1900
-8.75 -8.25 32.75 33.25 800 -0.321999999694526 1900
-8.25 -7.75 32.75 33.25 800 -0.804999999701977 1900
-7.75 -7.25 32.75 33.25 800 -1.90299999993294 1900
-7.25 -6.75 32.75 33.25 800 -4.25999999977648 1900
-6.75 -6.25 32.75 33.25 800 -9.01800000015646 1900
-6.25 -5.75 32.75 33.25 800 -18.0590000003576 1900
-5.75 -5.25 32.75 33.25 800 -34.2110000001267 1900
-5.25 -4.75 32.75 33.25 800 -61.3070000000298 1900
-4.75 -4.25 32.75 33.25 800 -103.924999999814 1900
-4.25 -3.75 32.75 33.25 800 -166.649000000209 1900
-3.75 -3.25 32.75 33.25 800 -252.790000000037 1900
-3.25 -2.75 32.75 33.25 800 -362.730000000447 1900
-2.75 -2.25 32.75 33.25 800 -492.370000000112 1900
-2.25 -1.75 32.75 33.25 800 -632.209999999963 1900
-1.75 -1.25 32.75 33.25 800 -767.900000000373 1900
-1.25 -0.75 32.75 33.25 800 -882.320000000298 1900
-0.75 -0.25 32.75 33.25 800 -959 1900
-0.25 0.25 32.75 33.25 800 -986.009999999776 1900
0.25 0.75 32.75 33.25 800 -959 1900
0.75 1.25 32.75 33.25 800 -882.320000000298 1900
1.25 1.75 32.75 33.25 800 -767.900000000373 1900
1.75 2.25 32.75 33.25 800 -632.209999999963 1900
2.25 2.75 32.75 33.25 800 -492.370000000112 1900
2.75 3.25 32.75 33.25 800 -362.730000000447 1900
3.25 3.75 32.75 33.25 800 -252.790000000037 1900
3.75 4.25 32.75 33.25 800 -166.649000000209 1900
4.25 4.75 32.75 33.25 800 -103.924999999814 1900
4.75 5.25 32.75 33.25 800 -61.3070000000298 1900
5.25 5.75 32.75 33.25 800 -34.2110000001267 1900
5.75 6.25 32.75 33.25 800 -18.0590000003576 1900
6.25 6.75 32.75 33.25 800 -9.01800000015646 1900
6.75 7.25 32.75 33.25 800 -4.25999999977648 1900
7.25 7.75 32.75 33.25 800 -1.90299999993294 1900
7.75 8.25 32.75 33.25 800 -0.804999999701977 1900
8.25 8.75 32.75 33.25 800 -0.321999999694526 1900
8.75 9.25 32.75 33.25 800 -0.122000000439584 1900
9.25 9.75 32.75 33.25 800 -0.0439999997615814 1900
9.75 10.25 32.75 33.25 800 -0.0149999996647239 1900
-10.25 -9.75 33.25 33.75 800 -0.019000000320375 1900
-9.75 -9.25 33.25 33.75 800 -0.0570000000298023 1900
-9.25 -8.75 33.25 33.75 800 -0.158999999985099 1900
-8.75 -8.25 33.25 33.75 800 -0.421000000089407 1900
-8.25 -7.75 33.25 33.75 800 -1.05399999953806 1900
-7.75 -7.25 33.25 33.75 800 -2.49299999978393 1900
-7.25 -6.75 33.25 33.75 800 -5.58000000007451 1900
-6.75 -6.25 33.25 33.75 800 -11.813000000082 1900
-6.25 -5.75 33.25 33.75 800 -23.6569999996573 1900
-5.75 -5.25 33.25 33.75 800 -44.8150000004098 1900
-5.25 -4.75 33.25 33.75 800 -80.3090000003576 1900
-4.75 -4.25 33.25 33.75 799.998999999836 -136.138000000268 1900
-4.25 -3.75 33.25 33.75 799.998999999836 -218.300999999978 1900
-3.75 -3.25 33.25 33.75 799.998999999836 -331.140999999829 1900
-3.25 -2.75 33.25 33.75 799.997999999672 -475.162000000477 1900
-2.75 -2.25 33.25 33.75 799.997999999672 -644.982000000775 1900
-2.25 -1.75 33.25 33.75 799.99700000044 -828.172999999486 1900
-1.75 -1.25 33.25 33.75 799.996000000276 -1005.92399999965 1900
-1.25 -0.75 33.25 33.75 799.996000000276 -1155.80399999954 1900
-0.75 -0.25 33.25 33.75 799.995000000112 -1256.25499999989 1900
-0.25 0.25 33.25 33.75 799.995000000112 -1291.63499999978 1900
0.25 0.75 33.25 33.75 799.995000000112 -1256.25499999989 1900
0.75 1.25 33.25 33.75 799.996000000276 -1155.80399999954 1900
1.25 1.75 33.25 33.75 799.996000000276 -1005.92399999965 1900
1.75 2.25 33.25 33.75 799.99700000044 -828.172999999486 1900
2.25 2.75 33.25 33.75 799.997999999672 -644.982000000775 1900
2.75 3.25 33.25 33.75 799.997999999672 -475.162000000477 1900
3.25 3.75 33.25 33.75 799.998999999836 -331.140999999829 1900
3.75 4.25 33.25 33.75 799.998999999836 -218.300999999978 1900
4.25 4.75 33.25 33.75 799.998999999836 -136.138000000268 1900
4.75 5.25 33.25 33.75 800 -80.3090000003576 1900
5.25 5.75 33.25 33.75 800 -44.8150000004098 1900
5.75 6.25 33.25 33.75 800 -23.6569999996573 1900
6.25 6.75 33.25 33.75 800 -11.813000000082 1900
6.75 7.25 33.25 33.75 800 -5.58000000007451 1900
7.25 7.75 33.25 33.75 800 -2.49299999978393 1900
7.75 8.25 33.25 33.75 800 -1.05399999953806 1900
8.25 8.75 33.25 33.75 800 -0.421000000089407 1900
8.75 9.25 33.25 33.75 800 -0.158999999985099 1900
9.25 9.75 33.25 33.75 800 -0.0570000000298023 1900
9.75 10.25 33.25 33.75 800 -0.019000000320375 1900
-10.25 -9.75 33.75 34.25 800 -0.025000000372529 1900
-9.75 -9.25 33.75 34.25 800 -0.072999999858439 1900
-9.25 -8.75 33.75 34.25 800 -0.205000000074506 1900
-8.75 -8.25 33.75 34.25 800 -0.541000000201166 1900
-8.25 -7.75 33.75 34.25 800 -1.35300000011921 1900
-7.75 -7.25 33.75 34.25 800 -3.20100000035018 1900
-7.25 -6.75 33.75 34.25 799.998999999836 -7.16600000020117 1900
-6.75 -6.25 33.75 34.25 799.998999999836 -15.168000000529 1900
-6.25 -5.75 33.75 34.25 799.997999999672 -30.3760000001639 1900
-5.75 -5.25 33.75 34.25 799.996000000276 -57.5439999997616 1900
-5.25 -4.75 33.75 34.25 799.99199999962 -103.120000000112 1900
-4.75 -4.25 33.75 34.25 799.986999999732 -174.804000000469 1900
-4.25 -3.75 33.75 34.25 799.979000000283 -280.310999999754 1900
-3.75 -3.25 33.75 34.25 799.968000000343 -425.201999999583 1900
-3.25 -2.75 33.75 34.25 799.955000000075 -610.125 1900
-2.75 -2.25 33.75 34.25 799.938000000082 -828.172000000253 1900
-2.25 -1.75 33.75 34.25 799.921000000089 -1063.3889999995 1900
-1.75 -1.25 33.75 34.25 799.904000000097 -1291.63599999994 1900
-1.25 -0.75 33.75 34.25 799.889999999665 -1484.09000000078 1900
-0.75 -0.25 33.75 34.25 799.879999999888 -1613.06000000052 1900
-0.25 0.25 33.75 34.25 799.877000000328 -1658.49299999978 1900
0.25 0.75 33.75 34.25 799.879999999888 -1613.06000000052 1900
0.75 1.25 33.75 34.25 799.889999999665 -1484.09000000078 1900
1.25 1.75 33.75 34.25 799.904000000097 -1291.63599999994 1900
1.75 2.25 33.75 34.25 799.921000000089 -1063.3889999995 1900
2.25 2.75 33.75 34.25 799.938000000082 -828.172000000253 1900
2.75 3.25 33.75 34.25 799.955000000075 -610.125 1900
3.25 3.75 33.75 34.25 799.968000000343 -425.201999999583 1900
3.75 4.25 33.75 34.25 799.979000000283 -280.310999999754 1900
4.25 4.75 33.75 34.25 799.986999999732 -174.804000000469 1900
4.75 5.25 33.75 34.25 799.99199999962 -103.120000000112 1900
5.25 5.75 33.75 34.25 799.996000000276 -57.5439999997616 1900
5.75 6.25 33.75 34.25 799.997999999672 -30.3760000001639 1900
6.25 6.75 33.75 34.25 799.998999999836 -15.168000000529 1900
6.75 7.25 33.75 34.25 799.998999999836 -7.16600000020117 1900
7.25 7.75 33.75 34.25 800 -3.20100000035018 1900
7.75 8.25 33.75 34.25 800 -1.35300000011921 1900
8.25 8.75 33.75 34.25 800 -0.541000000201166 1900
8.75 9.25 33.75 34.25 800 -0.205000000074506 1900
9.25 9.75 33.75 34.25 800 -0.072999999858439 1900
9.75 10.25 33.75 34.25 800 -0.025000000372529 1900
-10.25 -9.75 34.25 34.75 800 -0.0310000004246831 1900
-9.75 -9.25 34.25 34.75 800 -0.0920000001788139 1900
-9.25 -8.75 34.25 34.75 800 -0.257000000216067 1900
-8.75 -8.25 34.25 34.75 799.998999999836 -0.68099999986589 1900
-8.25 -7.75 34.25 34.75 799.997999999672 -1.70399999991059 1900
-7.75 -7.25 34.25 34.75 799.996000000276 -4.02999999932945 1900
-7.25 -6.75 34.25 34.75 799.99199999962 -9.01800000015646 1900
-6.75 -6.25 34.25 34.75 799.981999999844 -19.0910000000149 1900
-6.25 -5.75 34.25 34.75 799.964999999851 -38.2310000006109 1900
-5.75 -5.25 34.25 34.75 799.933000000194 -72.4249999998137 1900
-5.25 -4.75 34.25 34.75 799.879999999888 -129.786000000313 1900
-4.75 -4.25 34.25 34.75 799.797000000253 -220.00299999956 1900
-4.25 -3.75 34.25 34.75 799.67399999965 -352.796000000089 1900
-3.75 -3.25 34.25 34.75 799.504999999888 -535.155000000261 1900
-3.25 -2.75 34.25 34.75 799.290000000037 -767.900000000373 1900
-2.75 -2.25 34.25 34.75 799.036000000313 -1042.3339999998 1900
-2.25 -1.75 34.25 34.75 798.762000000104 -1338.38800000027 1900
-1.75 -1.25 34.25 34.75 798.49700000044 -1625.65299999993 1900
-1.25 -0.75 34.25 34.75 798.273000000045 -1867.86699999962 1900
-0.75 -0.25 34.25 34.75 798.12200000044 -2030.19799999986 1900
-0.25 0.25 34.25 34.75 798.070000000298 -2087.37999999989 1900
0.25 0.75 34.25 34.75 798.12200000044 -2030.19799999986 1900
0.75 1.25 34.25 34.75 798.273000000045 -1867.86699999962 1900
1.25 1.75 34.25 34.75 798.49700000044 -1625.65299999993 1900
1.75 2.25 34.25 34.75 798.762000000104 -1338.38800000027 1900
2.25 2.75 34.25 34.75 799.036000000313 -1042.3339999998 1900
2.75 3.25 34.25 34.75 799.290000000037 -767.900000000373 1900
3.25 3.75 34.25 34.75 799.504999999888 -535.155000000261 1900
3.75 4.25 34.25 34.75 799.67399999965 -352.796000000089 1900
4.25 4.75 34.25 34.75 799.797000000253 -220.00299999956 1900
4.75 5.25 34.25 34.75 799.879999999888 -129.786000000313 1900
5.25 5.75 34.25 34.75 799.933000000194 -72.4249999998137 1900
5.75 6.25 34.25 34.75 799.964999999851 -38.2310000006109 1900
6.25 6.75 34.25 34.75 799.981999999844 -19.0910000000149 1900
6.75 7.25 34.25 34.75 799.99199999962 -9.01800000015646 1900
7.25 7.75 34.25 34.75 799.996000000276 -4.02999999932945 1900
7.75 8.25 34.25 34.75 799.997999999672 -1.70399999991059 1900
8.25 8.75 34.25 34.75 799.998999999836 -0.68099999986589 1900
8.75 9.25 34.25 34.75 800 -0.257000000216067 1900
9.25 9.75 34.25 34.75 800 -0.0920000001788139 1900
9.75 10.25 34.25 34.75 800 -0.0310000004246831 1900
-10.25 -9.75 34.75 35.25 800 -0.0379999997094274 1900
-9.75 -9.25 34.75 35.25 799.998999999836 -0.114000000059605 1900
-9.25 -8.75 34.75 35.25 799.997999999672 -0.317999999970198 1900
-8.75 -8.25 34.75 35.25 799.993999999948 -0.839999999850988 1900
-8.25 -7.75 34.75 35.25 799.985000000335 -2.10099999979138 1900
-7.75 -7.25 34.75 35.25 799.964999999851 -4.97099999990314 1900
-7.25 -6.75 34.75 35.25 799.921000000089 -11.125 1900
-6.75 -6.25 34.75 35.25 799.832000000402 -23.5529999993742 1900
-6.25 -5.75 34.75 35.25 799.665000000037 -47.1650000000373 1900
-5.75 -5.25 34.75 35.25 799.365000000224 -89.3489999994636 1900
-5.25 -4.75 34.75 35.25 798.860999999568 -160.11400000006 1900
-4.75 -4.25 34.75 35.25 798.070000000298 -271.419999999925 1900
-4.25 -3.75 34.75 35.25 796.904000000097 -435.235999999568 1900
-3.75 -3.25 34.75 35.25 795.303999999538 -660.206000000238 1900
-3.25 -2.75 34.75 35.25 793.262000000104 -947.348000000231 1900
-2.75 -2.25 34.75 35.25 790.854000000283 -1285.90599999949 1900
-2.25 -1.75 34.75 35.25 788.256000000052 -1651.14400000032 1900
-1.75 -1.25 34.75 35.25 785.735999999568 -2005.53399999999 1900
-1.25 -0.75 34.75 35.25 783.610000000335 -2304.34999999963 1900
-0.75 -0.25 34.75 35.25 782.185999999754 -2504.60400000028 1900
-0.25 0.25 34.75 35.25 781.684000000358 -2575.15599999949 1900
0.25 0.75 34.75 35.25 782.185999999754 -2504.60400000028 1900
0.75 1.25 34.75 35.25 783.610000000335 -2304.34999999963 1900
1.25 1.75 34.75 35.25 785.735999999568 -2005.53399999999 1900
1.75 2.25 34.75 35.25 788.256000000052 -1651.14400000032 1900
2.25 2.75 34.75 35.25 790.854000000283 -1285.90599999949 1900
2.75 3.25 34.75 35.25 793.262000000104 -947.348000000231 1900
3.25 3.75 34.75 35.25 795.303999999538 -660.206000000238 1900
3.75 4.25 34.75 35.25 796.904000000097 -435.235999999568 1900
4.25 4.75 34.75 35.25 798.070000000298 -271.419999999925 1900
4.75 5.25 34.75 35.25 798.860999999568 -160.11400000006 1900
5.25 5.75 34.75 35.25 799.365000000224 -89.3489999994636 1900
5.75 6.25 34.75 35.25 799.665000000037 -47.1650000000373 1900
6.25 6.75 34.75 35.25 799.832000000402 -23.5529999993742 1900
6.75 7.25 34.75 35.25 799.921000000089 -11.125 1900
7.25 7.75 34.75 35.25 799.964999999851 -4.97099999990314 1900
7.75 8.25 34.75 35.25 799.985000000335 -2.10099999979138 1900
8.25 8.75 34.75 35.25 799.993999999948 -0.839999999850988 1900
8.75 9.25 34.75 35.25 799.997999999672 -0.317999999970198 1900
9.25 9.75 34.75 35.25 799.998999999836 -0.114000000059605 1900
9.75 10.25 34.75 35.25 800 -0.0379999997094274 1900
-10.25 -9.75 35.25 35.75 799.997999999672 -0.0470000002533197 1900
-9.75 -9.25 35.25 35.75 799.995000000112 -0.138000000268221 1900
-9.25 -8.75 35.25 35.75 799.986999999732 -0.384000000543892 1900
-8.75 -8.25 35.25 35.75 799.966000000015 -1.01599999982864 1900
-8.25 -7.75 35.25 35.75 799.913999999873 -2.54100000020117 1900
-7.75 -7.25 35.25 35.75 799.797000000253 -6.0109999999404 1900
-7.25 -6.75 35.25 35.75 799.544999999925 -13.4529999997467 1900
-6.75 -6.25 35.25 35.75 799.036000000313 -28.4809999996796 1900
-6.25 -5.75 35.25 35.75 798.070000000298 -57.035000000149 1900
-5.75 -5.25 35.25 35.75 796.343000000343 -108.046000000089 1900
-5.25 -4.75 35.25 35.75 793.446999999695 -193.618000000715 1900
-4.75 -4.25 35.25 35.75 788.890999999829 -328.208999999799 1900
-4.25 -3.75 35.25 35.75 782.185999999754 -526.304000000469 1900
-3.75 -3.25 35.25 35.75 772.978000000119 -798.351999999955 1900
-3.25 -2.75 35.25 35.75 761.225999999791 -1145.57400000002 1900
-2.75 -2.25 35.25 35.75 747.368999999948 -1554.98099999968 1900
-2.25 -1.75 35.25 35.75 732.419999999925 -1996.63999999966 1900
-1.75 -1.25 35.25 35.75 717.915000000037 -2425.1950000003 1900
-1.25 -0.75 35.25 35.75 705.68499999959 -2786.53500000015 1900
-0.75 -0.25 35.25 35.75 697.487999999896 -3028.69199999981 1900
-0.25 0.25 35.25 35.75 694.600999999791 -3114.00900000054 1900
0.25 0.75 35.25 35.75 697.487999999896 -3028.69199999981 1900
0.75 1.25 35.25 35.75 705.68499999959 -2786.53500000015 1900
1.25 1.75 35.25 35.75 717.915000000037 -2425.1950000003 1900
1.75 2.25 35.25 35.75 732.419999999925 -1996.63999999966 1900
2.25 2.75 35.25 35.75 747.368999999948 -1554.98099999968 1900
2.75 3.25 35.25 35.75 761.225999999791 -1145.57400000002 1900
3.25 3.75 35.25 35.75 772.978000000119 -798.351999999955 1900
3.75 4.25 35.25 35.75 782.185999999754 -526.304000000469 1900
4.25 4.75 35.25 35.75 788.890999999829 -328.208999999799 1900
4.75 5.25 35.25 35.75 793.446999999695 -193.618000000715 1900
5.25 5.75 35.25 35.75 796.343000000343 -108.046000000089 1900
5.75 6.25 35.25 35.75 798.070000000298 -57.035000000149 1900
6.25 6.75 35.25 35.75 799.036000000313 -28.4809999996796 1900
6.75 7.25 35.25 35.75 799.544999999925 -13.4529999997467 1900
7.25 7.75 35.25 35.75 799.797000000253 -6.0109999999404 1900
7.75 8.25 35.25 35.75 799.913999999873 -2.54100000020117 1900
8.25 8.75 35.25 35.75 799.966000000015 -1.01599999982864 1900
8.75 9.25 35.25 35.75 799.986999999732 -0.384000000543892 1900
9.25 9.75 35.25 35.75 799.995000000112 -0.138000000268221 1900
9.75 10.25 35.25 35.75 799.997999999672 -0.0470000002533197 1900
-10.25 -9.75 35.75 36.25 799.995000000112 -0.0549999997019768 1900
-9.75 -9.25 35.75 36.25 799.984000000171 -0.162999999709427 1900
-9.25 -8.75 35.75 36.25 799.955000000075 -0.455000000074506 1900
-8.75 -8.25 35.75 36.25 799.879999999888 -1.20399999991059 1900
-8.25 -7.75 35.75 36.25 799.700000000186 -3.01200000010431 1900
-7.75 -7.25 35.75 36.25 799.290000000037 -7.125 1900
-7.25 -6.75 35.75 36.25 798.411000000313 -15.9459999995306 1900
-6.75 -6.25 35.75 36.25 796.634999999776 -33.7590000005439 1900
-6.25 -5.75 35.75 36.25 793.262000000104 -67.6040000002831 1900
-5.75 -5.25 35.75 36.25 787.235999999568 -128.067000000738 1900
-5.25 -4.75 35.75 36.25 777.127000000328 -229.492999999784 1900
-4.75 -4.25 35.75 36.25 761.225999999791 -389.033999999985 1900
-4.25 -3.75 35.75 36.25 737.822999999858 -623.837000000291 1900
-3.75 -3.25 35.75 36.25 705.68499999959 -946.295000000857 1900
-3.25 -2.75 35.75 36.25 664.665000000037 -1357.86500000022 1900
-2.75 -2.25 35.75 36.25 616.29899999965 -1843.13100000005 1900
-2.25 -1.75 35.75 36.25 564.122999999672 -2366.62700000033 1900
-1.75 -1.25 35.75 36.25 513.495000000112 -2874.59499999974 1900
-1.25 -0.75 35.75 36.25 470.80700000003 -3302.89300000016 1900
-0.75 -0.25 35.75 36.25 442.199000000022 -3589.93099999987 1900
-0.25 0.25 35.75 36.25 432.121000000276 -3691.04899999965 1900
0.25 0.75 35.75 36.25 442.199000000022 -3589.93099999987 1900
0.75 1.25 35.75 36.25 470.80700000003 -3302.89300000016 1900
1.25 1.75 35.75 36.25 513.495000000112 -2874.59499999974 1900
1.75 2.25 35.75 36.25 564.122999999672 -2366.62700000033 1900
2.25 2.75 35.75 36.25 616.29899999965 -1843.13100000005 1900
2.75 3.25 35.75 36.25 664.665000000037 -1357.86500000022 1900
3.25 3.75 35.75 36.25 705.68499999959 -946.295000000857 1900
3.75 4.25 35.75 36.25 737.822999999858 -623.837000000291 1900
4.25 4.75 35.75 36.25 761.225999999791 -389.033999999985 1900
4.75 5.25 35.75 36.25 777.127000000328 -229.492999999784 1900
5.25 5.75 35.75 36.25 787.235999999568 -128.067000000738 1900
5.75 6.25 35.75 36.25 793.262000000104 -67.6040000002831 1900
6.25 6.75 35.75 36.25 796.634999999776 -33.7590000005439 1900
6.75 7.25 35.75 36.25 798.411000000313 -15.9459999995306 1900
7.25 7.75 35.75 36.25 799.290000000037 -7.125 1900
7.75 8.25 35.75 36.25 799.700000000186 -3.01200000010431 1900
8.25 8.75 35.75 36.25 799.879999999888 -1.20399999991059 1900
8.75 9.25 35.75 36.25 799.955000000075 -0.455000000074506 1900
9.25 9.75 35.75 36.25 799.984000000171 -0.162999999709427 1900
9.75 10.25 35.75 36.25 799.995000000112 -0.0549999997019768 1900
-10.25 -9.75 36.25 36.75 799.987999999896 -0.0640000002458692 1900
-9.75 -9.25 36.25 36.75 799.966000000015 -0.189000000245869 1900
-9.25 -8.75 36.25 36.75 799.904000000097 -0.529000000096858 1900
-8.75 -8.25 36.25 36.75 799.746000000276 -1.39899999927729 1900
-8.25 -7.75 36.25 36.75 799.365000000224 -3.49899999983609 1900
-7.75 -7.25 36.25 36.75 798.49700000044 -8.27799999993294 1900
-7.25 -6.75 36.25 36.75 796.634999999776 -18.526999999769 1900
-6.75 -6.25 36.25 36.75 792.877000000328 -39.2209999999031 1900
-6.25 -5.75 36.25 36.75 785.735999999568 -78.5440000006929 1900
-5.75 -5.25 36.25 36.75 772.978000000119 -148.792999999598 1900
-5.25 -4.75 36.25 36.75 751.576999999583 -266.63300000038 1900
-4.75 -4.25 36.25 36.75 717.915000000037 -451.995000000112 1900
-4.25 -3.75 36.25 36.75 668.37200000044 -724.797999999486 1900
-3.75 -3.25 36.25 36.75 600.333999999799 -1099.43599999975 1900
-3.25 -2.75 36.25 36.75 513.495000000112 -1577.60499999952 1900
-2.75 -2.25 36.25 36.75 411.104000000283 -2141.41599999927 1900
-2.25 -1.75 36.25 36.75 300.648000000045 -2749.63200000022 1900
-1.75 -1.25 36.25 36.75 193.468999999575 -3339.80099999998 1900
-1.25 -0.75 36.25 36.75 103.098000000231 -3837.41199999955 1900
-0.75 -0.25 36.25 36.75 42.5349000003189 -4170.90510000009 1900
-0.25 0.25 36.25 36.75 21.1991999996826 -4288.38080000039 1900
0.25 0.75 36.25 36.75 42.5349000003189 -4170.90510000009 1900
0.75 1.25 36.25 36.75 103.098000000231 -3837.41199999955 1900
1.25 1.75 36.25 36.75 193.468999999575 -3339.80099999998 1900
1.75 2.25 36.25 36.75 300.648000000045 -2749.63200000022 1900
2.25 2.75 36.25 36.75 411.104000000283 -2141.41599999927 1900
2.75 3.25 36.25 36.75 513.495000000112 -1577.60499999952 1900
3.25 3.75 36.25 36.75 600.333999999799 -1099.43599999975 1900
3.75 4.25 36.25 36.75 668.37200000044 -724.797999999486 1900
4.25 4.75 36.25 36.75 717.915000000037 -451.995000000112 1900
4.75 5.25 36.25 36.75 751.576999999583 -266.63300000038 1900
5.25 5.75 36.25 36.75 772.978000000119 -148.792999999598 1900
5.75 6.25 36.25 36.75 785.735999999568 -78.5440000006929 1900
6.25 6.75 36.25 36.75 792.877000000328 -39.2209999999031 1900
6.75 7.25 36.25 36.75 796.634999999776 -18.526999999769 1900
7.25 7.75 36.25 36.75 798.49700000044 -8.27799999993294 1900
7.75 8.25 36.25 36.75 799.365000000224 -3.49899999983609 1900
8.25 8.75 36.25 36.75 799.746000000276 -1.39899999927729 1900
8.75 9.25 36.25 36.75 799.904000000097 -0.529000000096858 1900
9.25 9.75 36.25 36.75 799.966000000015 -0.189000000245869 1900
9.75 10.25 36.25 36.75 799.987999999896 -0.0640000002458692 1900
-10.25 -9.75 36.75 37.25 799.985000000335 -0.072999999858439 1900
-9.75 -9.25 36.75 37.25 799.956000000238 -0.214999999850988 1900
-9.25 -8.75 36.75 37.25 799.877000000328 -0.601999999955297 1900
-8.75 -8.25 36.75 37.25 799.67399999965 -1.59300000034273 1900
-8.25 -7.75 36.75 37.25 799.184000000358 -3.98499999940395 1900
-7.75 -7.25 36.75 37.25 798.070000000298 -9.42700000014156 1900
-7.25 -6.75 36.75 37.25 795.679999999702 -21.0990000003949 1900
-6.75 -6.25 36.75 37.25 790.854000000283 -44.6659999992698 1900
-6.25 -5.75 36.75 37.25 781.684000000358 -89.4490000000224 1900
-5.75 -5.25 36.75 37.25 765.303000000305 -169.449999999255 1900
-5.25 -4.75 36.75 37.25 737.822999999858 -303.657000000589 1900
-4.75 -4.25 36.75 37.25 694.600999999791 -514.73900000006 1900
-4.25 -3.75 36.75 37.25 630.986999999732 -825.413000000641 1900
-3.75 -3.25 36.75 37.25 543.623999999836 -1252.07600000035 1900
-3.25 -2.75 36.75 37.25 432.121000000276 -1796.62899999972 1900
-2.75 -2.25 36.75 37.25 300.648000000045 -2438.70199999958 1900
-2.25 -1.75 36.75 37.25 158.820000000298 -3131.34999999963 1900
-1.75 -1.25 36.75 37.25 21.1991999996826 -3803.46080000047 1900
-1.25 -0.75 36.75 37.25 -94.8393000001088 -4370.15930000041 1900
-0.75 -0.25 36.75 37.25 -172.604000000283 -4749.94400000013 1900
-0.25 0.25 36.75 37.25 -200 -4883.73000000045 1900
0.25 0.75 36.75 37.25 -172.604000000283 -4749.94400000013 1900
0.75 1.25 36.75 37.25 -94.8393000001088 -4370.15930000041 1900
1.25 1.75 36.75 37.25 21.1991999996826 -3803.46080000047 1900
1.75 2.25 36.75 37.25 158.820000000298 -3131.34999999963 1900
2.25 2.75 36.75 37.25 300.648000000045 -2438.70199999958 1900
2.75 3.25 36.75 37.25 432.121000000276 -1796.62899999972 1900
3.25 3.75 36.75 37.25 543.623999999836 -1252.07600000035 1900
3.75 4.25 36.75 37.25 630.986999999732 -825.413000000641 1900
4.25 4.75 36.75 37.25 694.600999999791 -514.73900000006 1900
4.75 5.25 36.75 37.25 737.822999999858 -303.657000000589 1900
5.25 5.75 36.75 37.25 765.303000000305 -169.449999999255 1900
5.75 6.25 36.75 37.25 781.684000000358 -89.4490000000224 1900
6.25 6.75 36.75 37.25 790.854000000283 -44.6659999992698 1900
6.75 7.25 36.75 37.25 795.679999999702 -21.0990000003949 1900
7.25 7.75 36.75 37.25 798.070000000298 -9.42700000014156 1900
7.75 8.25 36.75 37.25 799.184000000358 -3.98499999940395 1900
8.25 8.75 36.75 37.25 799.67399999965 -1.59300000034273 1900
8.75 9.25 36.75 37.25 799.877000000328 -0.601999999955297 1900
9.25 9.75 36.75 37.25 799.956000000238 -0.214999999850988 1900
9.75 10.25 36.75 37.25 799.985000000335 -0.072999999858439 1900
-10.25 -9.75 37.25 37.75 799.987999999896 -0.0820000004023314 1900
-9.75 -9.25 37.25 37.75 799.966000000015 -0.240000000223517 1900
-9.25 -8.75 37.25 37.75 799.904000000097 -0.67299999948591 1900
-8.75 -8.25 37.25 37.75 799.746000000276 -1.77900000009686 1900
-8.25 -7.75 37.25 37.75 799.365000000224 -4.44799999985844 1900
-7.75 -7.25 37.25 37.75 798.49700000044 -10.5239999992773 1900
-7.25 -6.75 37.25 37.75 796.634999999776 -23.5530000003055 1900
-6.75 -6.25 37.25 37.75 792.877000000328 -49.859999999404 1900
-6.25 -5.75 37.25 37.75 785.735999999568 -99.8490000003949 1900
-5.75 -5.25 37.25 37.75 772.978000000119 -189.152999999933 1900
-5.25 -4.75 37.25 37.75 751.576999999583 -338.963000000454 1900
-4.75 -4.25 37.25 37.75 717.915000000037 -574.594999999739 1900
-4.25 -3.75 37.25 37.75 668.37200000044 -921.397999999113 1900
-3.75 -3.25 37.25 37.75 600.333999999799 -1397.65600000042 1900
-3.25 -2.75 37.25 37.75 513.495000000112 -2005.53500000015 1900
-2.75 -2.25 37.25 37.75 411.104000000283 -2722.26599999983 1900
-2.25 -1.75 37.25 37.75 300.648000000045 -3495.46200000029 1900
-1.75 -1.25 37.25 37.75 193.468999999575 -4245.71100000013 1900
-1.25 -0.75 37.25 37.75 103.098000000231 -4878.31199999992 1900
-0.75 -0.25 37.25 37.75 42.5349000003189 -5302.25509999972 1900
-0.25 0.25 37.25 37.75 21.1991999996826 -5451.60080000013 1900
0.25 0.75 37.25 37.75 42.5349000003189 -5302.25509999972 1900
0.75 1.25 37.25 37.75 103.098000000231 -4878.31199999992 1900
1.25 1.75 37.25 37.75 193.468999999575 -4245.71100000013 1900
1.75 2.25 37.25 37.75 300.648000000045 -3495.46200000029 1900
2.25 2.75 37.25 37.75 411.104000000283 -2722.26599999983 1900
2.75 3.25 37.25 37.75 513.495000000112 -2005.53500000015 1900
3.25 3.75 37.25 37.75 600.333999999799 -1397.65600000042 1900
3.75 4.25 37.25 37.75 668.37200000044 -921.397999999113 1900
4.25 4.75 37.25 37.75 717.915000000037 -574.594999999739 1900
4.75 5.25 37.25 37.75 751.576999999583 -338.963000000454 1900
5.25 5.75 37.25 37.75 772.978000000119 -189.152999999933 1900
5.75 6.25 37.25 37.75 785.735999999568 -99.8490000003949 1900
6.25 6.75 37.25 37.75 792.877000000328 -49.859999999404 1900
6.75 7.25 37.25 37.75 796.634999999776 -23.5530000003055 1900
7.25 7.75 37.25 37.75 798.49700000044 -10.5239999992773 1900
7.75 8.25 37.25 37.75 799.365000000224 -4.44799999985844 1900
8.25 8.75 37.25 37.75 799.746000000276 -1.77900000009686 1900
8.75 9.25 37.25 37.75 799.904000000097 -0.67299999948591 1900
9.25 9.75 37.25 37.75 799.966000000015 -0.240000000223517 1900
9.75 10.25 37.25 37.75 799.987999999896 -0.0820000004023314 1900
-10.25 -9.75 37.75 38.25 799.995000000112 -0.0889999996870756 1900
-9.75 -9.25 37.75 38.25 799.984000000171 -0.263000000268221 1900
-9.25 -8.75 37.75 38.25 799.955000000075 -0.735999999567866 1900
-8.75 -8.25 37.75 38.25 799.879999999888 -1.94600000046194 1900
-8.25 -7.75 37.75 38.25 799.700000000186 -4.86699999962002 1900
-7.75 -7.25 37.75 38.25 799.290000000037 -11.5149999996647 1900
-7.25 -6.75 37.75 38.25 798.411000000313 -25.769999999553 1900
-6.75 -6.25 37.75 38.25 796.634999999776 -54.5559999998659 1900
-6.25 -5.75 37.75 38.25 793.262000000104 -109.25299999956 1900
-5.75 -5.25 37.75 38.25 787.235999999568 -206.966000000015 1900
-5.25 -4.75 37.75 38.25 777.127000000328 -370.882999999449 1900
-4.75 -4.25 37.75 38.25 761.225999999791 -628.703999999911 1900
-4.25 -3.75 37.75 38.25 737.822999999858 -1008.16700000037 1900
-3.75 -3.25 37.75 38.25 705.68499999959 -1529.28500000015 1900
-3.25 -2.75 37.75 38.25 664.665000000037 -2194.40500000026 1900
-2.75 -2.25 37.75 38.25 616.29899999965 -2978.64100000076 1900
-2.25 -1.75 37.75 38.25 564.122999999672 -3824.64699999988 1900
-1.75 -1.25 37.75 38.25 513.495000000112 -4645.5549999997 1900
-1.25 -0.75 37.75 38.25 470.80700000003 -5337.72300000023 1900
-0.75 -0.25 37.75 38.25 442.199000000022 -5801.59100000001 1900
-0.25 0.25 37.75 38.25 432.121000000276 -5965.00899999961 1900
0.25 0.75 37.75 38.25 442.199000000022 -5801.59100000001 1900
0.75 1.25 37.75 38.25 470.80700000003 -5337.72300000023 1900
1.25 1.75 37.75 38.25 513.495000000112 -4645.5549999997 1900
1.75 2.25 37.75 38.25 564.122999999672 -3824.64699999988 1900
2.25 2.75 37.75 38.25 616.29899999965 -2978.64100000076 1900
2.75 3.25 37.75 38.25 664.665000000037 -2194.40500000026 1900
3.25 3.75 37.75 38.25 705.68499999959 -1529.28500000015 1900
3.75 4.25 37.75 38.25 737.822999999858 -1008.16700000037 1900
4.25 4.75 37.75 38.25 761.225999999791 -628.703999999911 1900
4.75 5.25 37.75 38.25 777.127000000328 -370.882999999449 1900
5.25 5.75 37.75 38.25 787.235999999568 -206.966000000015 1900
5.75 6.25 37.75 38.25 793.262000000104 -109.25299999956 1900
6.25 6.75 37.75 38.25 796.634999999776 -54.5559999998659 1900
6.75 7.25 37.75 38.25 798.411000000313 -25.769999999553 1900
7.25 7.75 37.75 38.25 799.290000000037 -11.5149999996647 1900
7.75 8.25 37.75 38.25 799.700000000186 -4.86699999962002 1900
8.25 8.75 37.75 38.25 799.879999999888 -1.94600000046194 1900
8.75 9.25 37.75 38.25 799.955000000075 -0.735999999567866 1900
9.25 9.75 37.75 38.25 799.984000000171 -0.263000000268221 1900
9.75 10.25 37.75 38.25 799.995000000112 -0.0889999996870756 1900
-10.25 -9.75 38.25 38.75 799.997999999672 -0.0959999999031425 1900
-9.75 -9.25 38.25 38.75 799.995000000112 -0.282999999821186 1900
-9.25 -8.75 38.25 38.75 799.986999999732 -0.790000000037253 1900
-8.75 -8.25 38.25 38.75 799.966000000015 -2.08700000029057 1900
-8.25 -7.75 38.25 38.75 799.913999999873 -5.21999999973923 1900
-7.75 -7.25 38.25 38.75 799.797000000253 -12.3499999996275 1900
-7.25 -6.75 38.25 38.75 799.544999999925 -27.6380000002682 1900
-6.75 -6.25 38.25 38.75 799.036000000313 -58.5109999999404 1900
-6.25 -5.75 38.25 38.75 798.070000000298 -117.17399999965 1900
-5.75 -5.25 38.25 38.75 796.343000000343 -221.976999999955 1900
-5.25 -4.75 38.25 38.75 793.446999999695 -397.773000000045 1900
-4.75 -4.25 38.25 38.75 788.890999999829 -674.288999999873 1900
-4.25 -3.75 38.25 38.75 782.185999999754 -1081.26400000043 1900
-3.75 -3.25 38.25 38.75 772.978000000119 -1640.17200000025 1900
-3.25 -2.75 38.25 38.75 761.225999999791 -2353.51400000043 1900
-2.75 -2.25 38.25 38.75 747.368999999948 -3194.6110000005 1900
-2.25 -1.75 38.25 38.75 732.419999999925 -4101.95999999996 1900
-1.75 -1.25 38.25 38.75 717.915000000037 -4982.39499999955 1900
-1.25 -0.75 38.25 38.75 705.68499999959 -5724.75500000082 1900
-0.75 -0.25 38.25 38.75 697.487999999896 -6222.25200000033 1900
-0.25 0.25 38.25 38.75 694.600999999791 -6397.51900000032 1900
0.25 0.75 38.25 38.75 697.487999999896 -6222.25200000033 1900
0.75 1.25 38.25 38.75 705.68499999959 -5724.75500000082 1900
1.25 1.75 38.25 38.75 717.915000000037 -4982.39499999955 1900
1.75 2.25 38.25 38.75 732.419999999925 -4101.95999999996 1900
2.25 2.75 38.25 38.75 747.368999999948 -3194.6110000005 1900
2.75 3.25 38.25 38.75 761.225999999791 -2353.51400000043 1900
3.25 3.75 38.25 38.75 772.978000000119 -1640.17200000025 1900
3.75 4.25 38.25 38.75 782.185999999754 -1081.26400000043 1900
4.25 4.75 38.25 38.75 788.890999999829 -674.288999999873 1900
4.75 5.25 38.25 38.75 793.446999999695 -397.773000000045 1900
5.25 5.75 38.25 38.75 796.343000000343 -221.976999999955 1900
5.75 6.25 38.25 38.75 798.070000000298 -117.17399999965 1900
6.25 6.75 38.25 38.75 799.036000000313 -58.5109999999404 1900
6.75 7.25 38.25 38.75 799.544999999925 -27.6380000002682 1900
7.25 7.75 38.25 38.75 799.797000000253 -12.3499999996275 1900
7.75 8.25 38.25 38.75 799.913999999873 -5.21999999973923 1900
8.25 8.75 38.25 38.75 799.966000000015 -2.08700000029057 1900
8.75 9.25 38.25 38.75 799.986999999732 -0.790000000037253 1900
9.25 9.75 38.25 38.75 799.995000000112 -0.282999999821186 1900
9.75 10.25 38.25 38.75 799.997999999672 -0.0959999999031425 1900
-10.25 -9.75 38.75 39.25 800 -0.099999999627471 1900
-9.75 -9.25 38.75 39.25 799.998999999836 -0.29700000025332 1900
-9.25 -8.75 38.75 39.25 799.997999999672 -0.830000000074506 1900
-8.75 -8.25 38.75 39.25 799.993999999948 -2.19400000013411 1900
-8.25 -7.75 38.75 39.25 799.985000000335 -5.48799999989569 1900
-7.75 -7.25 38.75 39.25 799.964999999851 -12.9830000000075 1900
-7.25 -6.75 38.75 39.25 799.921000000089 -29.0559999998659 1900
-6.75 -6.25 38.75 39.25 799.832000000402 -61.511999999173 1900
-6.25 -5.75 38.75 39.25 799.665000000037 -123.18200000003 1900
-5.75 -5.25 38.75 39.25 799.365000000224 -233.354999999516 1900
-5.25 -4.75 38.75 39.25 798.860999999568 -418.169000000693 1900
-4.75 -4.25 38.75 39.25 798.070000000298 -708.859999999404 1900
-4.25 -3.75 38.75 39.25 796.904000000097 -1136.70600000024 1900
-3.75 -3.25 38.75 39.25 795.303999999538 -1724.26600000076 1900
-3.25 -2.75 38.75 39.25 793.262000000104 -2474.17800000031 1900
-2.75 -2.25 38.75 39.25 790.854000000283 -3358.40599999949 1900
-2.25 -1.75 38.75 39.25 788.256000000052 -4312.27400000021 1900
-1.75 -1.25 38.75 39.25 785.735999999568 -5237.84400000051 1900
-1.25 -0.75 38.75 39.25 783.610000000335 -6018.26999999955 1900
-0.75 -0.25 38.75 39.25 782.185999999754 -6541.27400000021 1900
-0.25 0.25 38.75 39.25 781.684000000358 -6725.52599999961 1900
0.25 0.75 38.75 39.25 782.185999999754 -6541.27400000021 1900
0.75 1.25 38.75 39.25 783.610000000335 -6018.26999999955 1900
1.25 1.75 38.75 39.25 785.735999999568 -5237.84400000051 1900
1.75 2.25 38.75 39.25 788.256000000052 -4312.27400000021 1900
2.25 2.75 38.75 39.25 790.854000000283 -3358.40599999949 1900
2.75 3.25 38.75 39.25 793.262000000104 -2474.17800000031 1900
3.25 3.75 38.75 39.25 795.303999999538 -1724.26600000076 1900
3.75 4.25 38.75 39.25 796.904000000097 -1136.70600000024 1900
4.25 4.75 38.75 39.25 798.070000000298 -708.859999999404 1900
4.75 5.25 38.75 39.25 798.860999999568 -418.169000000693 1900
5.25 5.75 38.75 39.25 799.365000000224 -233.354999999516 1900
5.75 6.25 38.75 39.25 799.665000000037 -123.18200000003 1900
6.25 6.75 38.75 39.25 799.832000000402 -61.511999999173 1900
6.75 7.25 38.75 39.25 799.921000000089 -29.0559999998659 1900
7.25 7.75 38.75 39.25 799.964999999851 -12.9830000000075 1900
7.75 8.25 38.75 39.25 799.985000000335 -5.48799999989569 1900
8.25 8.75 38.75 39.25 799.993999999948 -2.19400000013411 1900
8.75 9.25 38.75 39.25 799.997999999672 -0.830000000074506 1900
9.25 9.75 38.75 39.25 799.998999999836 -0.29700000025332 1900
9.75 10.25 38.75 39.25 800 -0.099999999627471 1900
-10.25 -9.75 39.25 39.75 800 -0.104000000283122 1900
-9.75 -9.25 39.25 39.75 800 -0.30599999986589 1900
-9.25 -8.75 39.25 39.75 800 -0.855000000447035 1900
-8.75 -8.25 39.25 39.75 799.998999999836 -2.26200000010431 1900
-8.25 -7.75 39.25 39.75 799.997999999672 -5.65600000042468 1900
-7.75 -7.25 39.25 39.75 799.996000000276 -13.3789999997243 1900
-7.25 -6.75 39.25 39.75 799.99199999962 -29.9400000004098 1900
-6.75 -6.25 39.25 39.75 799.981999999844 -63.3849999997765 1900
-6.25 -5.75 39.25 39.75 799.964999999851 -126.933000000194 1900
-5.75 -5.25 39.25 39.75 799.933000000194 -240.456999999471 1900
-5.25 -4.75 39.25 39.75 799.879999999888 -430.900000000373 1900
-4.75 -4.25 39.25 39.75 799.797000000253 -730.452999999747 1900
-4.25 -3.75 39.25 39.75 799.67399999965 -1171.31600000057 1900
-3.75 -3.25 39.25 39.75 799.504999999888 -1776.77500000037 1900
-3.25 -2.75 39.25 39.75 799.290000000037 -2549.53000000026 1900
-2.75 -2.25 39.25 39.75 799.036000000313 -3460.68399999943 1900
-2.25 -1.75 39.25 39.75 798.762000000104 -4443.60800000001 1900
-1.75 -1.25 39.25 39.75 798.49700000044 -5397.3629999999 1900
-1.25 -0.75 39.25 39.75 798.273000000045 -6201.54700000025 1900
-0.75 -0.25 39.25 39.75 798.12200000044 -6740.4879999999 1900
-0.25 0.25 39.25 39.75 798.070000000298 -6930.34999999963 1900
0.25 0.75 39.25 39.75 798.12200000044 -6740.4879999999 1900
0.75 1.25 39.25 39.75 798.273000000045 -6201.54700000025 1900
1.25 1.75 39.25 39.75 798.49700000044 -5397.3629999999 1900
1.75 2.25 39.25 39.75 798.762000000104 -4443.60800000001 1900
2.25 2.75 39.25 39.75 799.036000000313 -3460.68399999943 1900
2.75 3.25 39.25 39.75 799.290000000037 -2549.53000000026 1900
3.25 3.75 39.25 39.75 799.504999999888 -1776.77500000037 1900
3.75 4.25 39.25 39.75 799.67399999965 -1171.31600000057 1900
4.25 4.75 39.25 39.75 799.797000000253 -730.452999999747 1900
4.75 5.25 39.25 39.75 799.879999999888 -430.900000000373 1900
5.25 5.75 39.25 39.75 799.933000000194 -240.456999999471 1900
5.75 6.25 39.25 39.75 799.964999999851 -126.933000000194 1900
6.25 6.75 39.25 39.75 799.981999999844 -63.3849999997765 1900
6.75 7.25 39.25 39.75 799.99199999962 -29.9400000004098 1900
7.25 7.75 39.25 39.75 799.996000000276 -13.3789999997243 1900
7.75 8.25 39.25 39.75 799.997999999672 -5.65600000042468 1900
8.25 8.75 39.25 39.75 799.998999999836 -2.26200000010431 1900
8.75 9.25 39.25 39.75 800 -0.855000000447035 1900
9.25 9.75 39.25 39.75 800 -0.30599999986589 1900
9.75 10.25 39.25 39.75 800 -0.104000000283122 1900
-10.25 -9.75 39.75 40.25 800 -0.105000000447035 1900
-9.75 -9.25 39.75 40.25 800 -0.309000000357628 1900
-9.25 -8.75 39.75 40.25 800 -0.864000000059605 1900
-8.75 -8.25 39.75 40.25 800 -2.2839999999851 1900
-8.25 -7.75 39.75 40.25 800 -5.71200000029057 1900
-7.75 -7.25 39.75 40.25 800 -13.5130000002682 1900
-7.25 -6.75 39.75 40.25 799.998999999836 -30.2420000005513 1900
-6.75 -6.25 39.75 40.25 799.998999999836 -64.0219999998808 1900
-6.25 -5.75 39.75 40.25 799.997999999672 -128.20900000073 1900
-5.75 -5.25 39.75 40.25 799.996000000276 -242.873999999836 1900
-5.25 -4.75 39.75 40.25 799.99199999962 -435.238000000827 1900
-4.75 -4.25 39.75 40.25 799.986999999732 -737.793000000529 1900
-4.25 -3.75 39.75 40.25 799.979000000283 -1183.09100000001 1900
-3.75 -3.25 39.75 40.25 799.968000000343 -1794.63199999928 1900
-3.25 -2.75 39.75 40.25 799.955000000075 -2575.15500000026 1900
-2.75 -2.25 39.75 40.25 799.938000000082 -3495.46200000029 1900
-2.25 -1.75 39.75 40.25 799.921000000089 -4488.25899999961 1900
-1.75 -1.25 39.75 40.25 799.904000000097 -5451.60599999968 1900
-1.25 -0.75 39.75 40.25 799.889999999665 -6263.87000000011 1900
-0.75 -0.25 39.75 40.25 799.879999999888 -6808.23000000045 1900
-0.25 0.25 39.75 40.25 799.877000000328 -7000.00299999956 1900
0.25 0.75 39.75 40.25 799.879999999888 -6808.23000000045 1900
0.75 1.25 39.75 40.25 799.889999999665 -6263.87000000011 1900
1.25 1.75 39.75 40.25 799.904000000097 -5451.60599999968 1900
1.75 2.25 39.75 40.25 799.921000000089 -4488.25899999961 1900
2.25 2.75 39.75 40.25 799.938000000082 -3495.46200000029 1900
2.75 3.25 39.75 40.25 799.955000000075 -2575.15500000026 1900
3.25 3.75 39.75 40.25 799.968000000343 -1794.63199999928 1900
3.75 4.25 39.75 40.25 799.979000000283 -1183.09100000001 1900
4.25 4.75 39.75 40.25 799.986999999732 -737.793000000529 1900
4.75 5.25 39.75 40.25 799.99199999962 -435.238000000827 1900
5.25 5.75 39.75 40.25 799.996000000276 -242.873999999836 1900
5.75 6.25 39.75 40.25 799.997999999672 -128.20900000073 1900
6.25 6.75 39.75 40.25 799.998999999836 -64.0219999998808 1900
6.75 7.25 39.75 40.25 799.998999999836 -30.2420000005513 1900
7.25 7.75 39.75 40.25 800 -13.5130000002682 1900
7.75 8.25 39.75 40.25 800 -5.71200000029057 1900
8.25 8.75 39.75 40.25 800 -2.2839999999851 1900
8.75 9.25 39.75 40.25 800 -0.864000000059605 1900
9.25 9.75 39.75 40.25 800 -0.309000000357628 1900
9.75 10.25 39.75 40.25 800 -0.105000000447035 1900
-10.25 -9.75 40.25 40.75 800 -0.104000000283122 1900
-9.75 -9.25 40.25 40.75 800 -0.30599999986589 1900
-9.25 -8.75 40.25 40.75 800 -0.855000000447035 1900
-8.75 -8.25 40.25 40.75 800 -2.2609999999404 1900
-8.25 -7.75 40.25 40.75 800 -5.65500000026077 1900
-7.75 -7.25 40.25 40.75 800 -13.3789999997243 1900
-7.25 -6.75 40.25 40.75 800 -29.9409999996424 1900
-6.75 -6.25 40.25 40.75 800 -63.3849999997765 1900
-6.25 -5.75 40.25 40.75 800 -126.934000000358 1900
-5.75 -5.25 40.25 40.75 800 -240.459999999963 1900
-5.25 -4.75 40.25 40.75 800 -430.900000000373 1900
-4.75 -4.25 40.25 40.75 799.998999999836 -730.45100000035 1900
-4.25 -3.75 40.25 40.75 799.998999999836 -1171.32100000046 1900
-3.75 -3.25 40.25 40.75 799.998999999836 -1776.77099999972 1900
-3.25 -2.75 40.25 40.75 799.997999999672 -2549.53200000059 1900
-2.75 -2.25 40.25 40.75 799.997999999672 -3460.68200000003 1900
-2.25 -1.75 40.25 40.75 799.99700000044 -4443.60299999919 1900
-1.75 -1.25 40.25 40.75 799.996000000276 -5397.36400000006 1900
-1.25 -0.75 40.25 40.75 799.996000000276 -6201.54399999976 1900
-0.75 -0.25 40.25 40.75 799.995000000112 -6740.48500000034 1900
-0.25 0.25 40.25 40.75 799.995000000112 -6930.34499999974 1900
0.25 0.75 40.25 40.75 799.995000000112 -6740.48500000034 1900
0.75 1.25 40.25 40.75 799.996000000276 -6201.54399999976 1900
1.25 1.75 40.25 40.75 799.996000000276 -5397.36400000006 1900
1.75 2.25 40.25 40.75 799.99700000044 -4443.60299999919 1900
2.25 2.75 40.25 40.75 799.997999999672 -3460.68200000003 1900
2.75 3.25 40.25 40.75 799.997999999672 -2549.53200000059 1900
3.25 3.75 40.25 40.75 799.998999999836 -1776.77099999972 1900
3.75 4.25 40.25 40.75 799.998999999836 -1171.32100000046 1900
4.25 4.75 40.25 40.75 799.998999999836 -730.45100000035 1900
4.75 5.25 40.25 40.75 800 -430.900000000373 1900
5.25 5.75 40.25 40.75 800 -240.459999999963 1900
5.75 6.25 40.25 40.75 800 -126.934000000358 1900
6.25 6.75 40.25 40.75 800 -63.3849999997765 1900
6.75 7.25 40.25 40.75 800 -29.9409999996424 1900
7.25 7.75 40.25 40.75 800 -13.3789999997243 1900
7.75 8.25 40.25 40.75 800 -5.65500000026077 1900
8.25 8.75 40.25 40.75 800 -2.2609999999404 1900
8.75 9.25 40.25 40.75 800 -0.855000000447035 1900
9.25 9.75 40.25 40.75 800 -0.30599999986589 1900
9.75 10.25 40.25 40.75 800 -0.104000000283122 1900
-10.25 -9.75 40.75 41.25 800 -0.100999999791384 1900
-9.75 -9.25 40.75 41.25 800 -0.29700000025332 1900
-9.25 -8.75 40.75 41.25 800 -0.830000000074506 1900
-8.75 -8.25 40.75 41.25 800 -2.19400000013411 1900
-8.25 -7.75 40.75 41.25 800 -5.48799999989569 1900
-7.75 -7.25 40.75 41.25 800 -12.9830000000075 1900
-7.25 -6.75 40.75 41.25 800 -29.0559999998659 1900
-6.75 -6.25 40.75 41.25 800 -61.5109999999404 1900
-6.25 -5.75 40.75 41.25 800 -123.18200000003 1900
-5.75 -5.25 40.75 41.25 800 -233.349999999627 1900
-5.25 -4.75 40.75 41.25 800 -418.169999999925 1900
-4.75 -4.25 40.75 41.25 800 -708.870000000112 1900
-4.25 -3.75 40.75 41.25 800 -1136.70000000019 1900
-3.75 -3.25 40.75 41.25 800 -1724.25999999978 1900
-3.25 -2.75 40.75 41.25 800 -2474.1799999997 1900
-2.75 -2.25 40.75 41.25 800 -3358.40000000037 1900
-2.25 -1.75 40.75 41.25 800 -4312.28000000026 1900
-1.75 -1.25 40.75 41.25 800 -5237.83999999985 1900
-1.25 -0.75 40.75 41.25 800 -6018.26999999955 1900
-0.75 -0.25 40.75 41.25 800 -6541.28000000026 1900
-0.25 0.25 40.75 41.25 800 -6725.53000000026 1900
0.25 0.75 40.75 41.25 800 -6541.28000000026 1900
0.75 1.25 40.75 41.25 800 -6018.26999999955 1900
1.25 1.75 40.75 41.25 800 -5237.83999999985 1900
1.75 2.25 40.75 41.25 800 -4312.28000000026 1900
2.25 2.75 40.75 41.25 800 -3358.40000000037 1900
2.75 3.25 40.75 41.25 800 -2474.1799999997 1900
3.25 3.75 40.75 41.25 800 -1724.25999999978 1900
3.75 4.25 40.75 41.25 800 -1136.70000000019 1900
4.25 4.75 40.75 41.25 800 -708.870000000112 1900
4.75 5.25 40.75 41.25 800 -418.169999999925 1900
5.25 5.75 40.75 41.25 800 -233.349999999627 1900
5.75 6.25 40.75 41.25 800 -123.18200000003 1900
6.25 6.75 40.75 41.25 800 -61.5109999999404 1900
6.75 7.25 40.75 41.25 800 -29.0559999998659 1900
7.25 7.75 40.75 41.25 800 -12.9830000000075 1900
7.75 8.25 40.75 41.25 800 -5.48799999989569 1900
8.25 8.75 40.75 41.25 800 -2.19400000013411 1900
8.75 9.25 40.75 41.25 800 -0.830000000074506 1900
9.25 9.75 40.75 41.25 800 -0.29700000025332 1900
9.75 10.25 40.75 41.25 800 -0.100999999791384 1900
-10.25 -9.75 41.25 41.75 800 -0.0959999999031425 1900
-9.75 -9.25 41.25 41.75 800 -0.281999999657273 1900
-9.25 -8.75 41.25 41.75 800 -0.790000000037253 1900
-8.75 -8.25 41.25 41.75 800 -2.08700000029057 1900
-8.25 -7.75 41.25 41.75 800 -5.21999999973923 1900
-7.75 -7.25 41.25 41.75 800 -12.3499999996275 1900
-7.25 -6.75 41.25 41.75 800 -27.6390000004321 1900
-6.75 -6.25 41.25 41.75 800 -58.5109999999404 1900
-6.25 -5.75 41.25 41.75 800 -117.174999999814 1900
-5.75 -5.25 41.25 41.75 800 -221.969999999739 1900
-5.25 -4.75 41.25 41.75 800 -397.780000000261 1900
-4.75 -4.25 41.25 41.75 800 -674.290000000037 1900
-4.25 -3.75 41.25 41.75 800 -1081.26999999955 1900
-3.75 -3.25 41.25 41.75 800 -1640.16999999993 1900
-3.25 -2.75 41.25 41.75 800 -2353.51999999955 1900
-2.75 -2.25 41.25 41.75 800 -3194.61000000034 1900
-2.25 -1.75 41.25 41.75 800 -4101.95999999996 1900
-1.75 -1.25 41.25 41.75 800 -4982.38999999966 1900
-1.25 -0.75 41.25 41.75 800 -5724.75 1900
-0.75 -0.25 41.25 41.75 800 -6222.25 1900
-0.25 0.25 41.25 41.75 800 -6397.51999999955 1900
0.25 0.75 41.25 41.75 800 -6222.25 1900
0.75 1.25 41.25 41.75 800 -5724.75 1900
1.25 1.75 41.25 41.75 800 -4982.38999999966 1900
1.75 2.25 41.25 41.75 800 -4101.95999999996 1900
2.25 2.75 41.25 41.75 800 -3194.61000000034 1900
2.75 3.25 41.25 41.75 800 -2353.51999999955 1900
3.25 3.75 41.25 41.75 800 -1640.16999999993 1900
3.75 4.25 41.25 41.75 800 -1081.26999999955 1900
4.25 4.75 41.25 41.75 800 -674.290000000037 1900
4.75 5.25 41.25 41.75 800 -397.780000000261 1900
5.25 5.75 41.25 41.75 800 -221.969999999739 1900
5.75 6.25 41.25 41.75 800 -117.174999999814 1900
6.25 6.75 41.25 41.75 800 -58.5109999999404 1900
6.75 7.25 41.25 41.75 800 -27.6390000004321 1900
7.25 7.75 41.25 41.75 800 -12.3499999996275 1900
7.75 8.25 41.25 41.75 800 -5.21999999973923 1900
8.25 8.75 41.25 41.75 800 -2.08700000029057 1900
8.75 9.25 41.25 41.75 800 -0.790000000037253 1900
9.25 9.75 41.25 41.75 800 -0.281999999657273 1900
9.75 10.25 41.25 41.75 800 -0.0959999999031425 1900
-10.25 -9.75 41.75 42.25 800 -0.0889999996870756 1900
-9.75 -9.25 41.75 42.25 800 -0.263000000268221 1900
-9.25 -8.75 41.75 42.25 800 -0.735999999567866 1900
-8.75 -8.25 41.75 42.25 800 -1.94600000046194 1900
-8.25 -7.75 41.75 42.25 800 -4.86699999962002 1900
-7.75 -7.25 41.75 42.25 800 -11.5149999996647 1900
-7.25 -6.75 41.75 42.25 800 -25.769999999553 1900
-6.75 -6.25 41.75 42.25 800 -54.5559999998659 1900
-6.25 -5.75 41.75 42.25 800 -109.25299999956 1900
-5.75 -5.25 41.75 42.25 800 -206.969999999739 1900
-5.25 -4.75 41.75 42.25 800 -370.879999999888 1900
-4.75 -4.25 41.75 42.25 800 -628.709999999963 1900
-4.25 -3.75 41.75 42.25 800 -1008.16999999993 1900
-3.75 -3.25 41.75 42.25 800 -1529.28000000026 1900
-3.25 -2.75 41.75 42.25 800 -2194.40000000037 1900
-2.75 -2.25 41.75 42.25 800 -2978.63999999966 1900
-2.25 -1.75 41.75 42.25 800 -3824.65000000037 1900
-1.75 -1.25 41.75 42.25 800 -4645.54999999981 1900
-1.25 -0.75 41.75 42.25 800 -5337.71999999974 1900
-0.75 -0.25 41.75 42.25 800 -5801.58999999985 1900
-0.25 0.25 41.75 42.25 800 -5965.00999999978 1900
0.25 0.75 41.75 42.25 800 -5801.58999999985 1900
0.75 1.25 41.75 42.25 800 -5337.71999999974 1900
1.25 1.75 41.75 42.25 800 -4645.54999999981 1900
1.75 2.25 41.75 42.25 800 -3824.65000000037 1900
2.25 2.75 41.75 42.25 800 -2978.63999999966 1900
2.75 3.25 41.75 42.25 800 -2194.40000000037 1900
3.25 3.75 41.75 42.25 800 -1529.28000000026 1900
3.75 4.25 41.75 42.25 800 -1008.16999999993 1900
4.25 4.75 41.75 42.25 800 -628.709999999963 1900
4.75 5.25 41.75 42.25 800 -370.879999999888 1900
5.25 5.75 41.75 42.25 800 -206.969999999739 1900
5.75 6.25 41.75 42.25 800 -109.25299999956 1900
6.25 6.75 41.75 42.25 800 -54.5559999998659 1900
6.75 7.25 41.75 42.25 800 -25.769999999553 1900
7.25 7.75 41.75 42.25 800 -11.5149999996647 1900
7.75 8.25 41.75 42.25 800 -4.86699999962002 1900
8.25 8.75 41.75 42.25 800 -1.94600000046194 1900
8.75 9.25 41.75 42.25 800 -0.735999999567866 1900
9.25 9.75 41.75 42.25 800 -0.263000000268221 1900
9.75 10.25 41.75 42.25 800 -0.0889999996870756 1900
-10.25 -9.75 42.25 42.75 800 -0.0810000002384186 1900
-9.75 -9.25 42.25 42.75 800 -0.24100000038743 1900
-9.25 -8.75 42.25 42.75 800 -0.673000000417233 1900
-8.75 -8.25 42.25 42.75 800 -1.77900000009686 1900
-8.25 -7.75 42.25 42.75 800 -4.44799999985844 1900
-7.75 -7.25 42.25 42.75 800 -10.5240000002086 1900
-7.25 -6.75 42.25 42.75 800 -23.5520000001416 1900
-6.75 -6.25 42.25 42.75 800 -49.8600000003353 1900
-6.25 -5.75 42.25 42.75 800 -99.8499999996275 1900
-5.75 -5.25 42.25 42.75 800 -189.152999999933 1900
-5.25 -4.75 42.25 42.75 800 -338.959999999963 1900
-4.75 -4.25 42.25 42.75 800 -574.589999999851 1900
-4.25 -3.75 42.25 42.75 800 -921.389999999665 1900
-3.75 -3.25 42.25 42.75 800 -1397.66000000015 1900
-3.25 -2.75 42.25 42.75 800 -2005.53000000026 1900
-2.75 -2.25 42.25 42.75 800 -2722.26999999955 1900
-2.25 -1.75 42.25 42.75 800 -3495.45999999996 1900
-1.75 -1.25 42.25 42.75 800 -4245.70999999996 1900
-1.25 -0.75 42.25 42.75 800 -4878.30999999959 1900
-0.75 -0.25 42.25 42.75 800 -5302.25999999978 1900
-0.25 0.25 42.25 42.75 800 -5451.61000000034 1900
0.25 0.75 42.25 42.75 800 -5302.25999999978 1900
0.75 1.25 42.25 42.75 800 -4878.30999999959 1900
1.25 1.75 42.25 42.75 800 -4245.70999999996 1900
1.75 2.25 42.25 42.75 800 -3495.45999999996 1900
2.25 2.75 42.25 42.75 800 -2722.26999999955 1900
2.75 3.25 42.25 42.75 800 -2005.53000000026 1900
3.25 3.75 42.25 42.75 800 -1397.66000000015 1900
3.75 4.25 42.25 42.75 800 -921.389999999665 1900
4.25 4.75 42.25 42.75 800 -574.589999999851 1900
4.75 5.25 42.25 42.75 800 -338.959999999963 1900
5.25 5.75 42.25 42.75 800 -189.152999999933 1900
5.75 6.25 42.25 42.75 800 -99.8499999996275 1900
6.25 6.75 42.25 42.75 800 -49.8600000003353 1900
6.75 7.25 42.25 42.75 800 -23.5520000001416 1900
7.25 7.75 42.25 42.75 800 -10.5240000002086 1900
7.75 8.25 42.25 42.75 800 -4.44799999985844 1900
8.25 8.75 42.25 42.75 800 -1.77900000009686 1900
8.75 9.25 42.25 42.75 800 -0.673000000417233 1900
9.25 9.75 42.25 42.75 800 -0.24100000038743 1900
9.75 10.25 42.25 42.75 800 -0.0810000002384186 1900
-10.25 -9.75 42.75 43.25 800 -0.072999999858439 1900
-9.75 -9.25 42.75 43.25 800 -0.216000000014901 1900
-9.25 -8.75 42.75 43.25 800 -0.603000000119209 1900
-8.75 -8.25 42.75 43.25 800 -1.59300000034273 1900
-8.25 -7.75 42.75 43.25 800 -3.98500000033528 1900
-7.75 -7.25 42.75 43.25 800 -9.42800000030547 1900
-7.25 -6.75 42.75 43.25 800 -21.0990000003949 1900
-6.75 -6.25 42.75 43.25 800 -44.6660000002012 1900
-6.25 -5.75 42.75 43.25 800 -89.4490000000224 1900
-5.75 -5.25 42.75 43.25 800 -169.449000000022 1900
-5.25 -4.75 42.75 43.25 800 -303.650000000373 1900
-4.75 -4.25 42.75 43.25 800 -514.740000000224 1900
-4.25 -3.75 42.75 43.25 800 -825.419999999925 1900
-3.75 -3.25 42.75 43.25 800 -1252.0700000003 1900
-3.25 -2.75 42.75 43.25 800 -1796.62999999989 1900
-2.75 -2.25 42.75 43.25 800 -2438.70000000019 1900
-2.25 -1.75 42.75 43.25 800 -3131.34999999963 1900
-1.75 -1.25 42.75 43.25 800 -3803.45999999996 1900
-1.25 -0.75 42.75 43.25 800 -4370.16000000015 1900
-0.75 -0.25 42.75 43.25 800 -4749.94000000041 1900
-0.25 0.25 42.75 43.25 800 -4883.73000000045 1900
0.25 0.75 42.75 43.25 800 -4749.94000000041 1900
0.75 1.25 42.75 43.25 800 -4370.16000000015 1900
1.25 1.75 42.75 43.25 800 -3803.45999999996 1900
1.75 2.25 42.75 43.25 800 -3131.34999999963 1900
2.25 2.75 42.75 43.25 800 -2438.70000000019 1900
2.75 3.25 42.75 43.25 800 -1796.62999999989 1900
3.25 3.75 42.75 43.25 800 -1252.0700000003 1900
3.75 4.25 42.75 43.25 800 -825.419999999925 1900
4.25 4.75 42.75 43.25 800 -514.740000000224 1900
4.75 5.25 42.75 43.25 800 -303.650000000373 1900
5.25 5.75 42.75 43.25 800 -169.449000000022 1900
5.75 6.25 42.75 43.25 800 -89.4490000000224 1900
6.25 6.75 42.75 43.25 800 -44.6660000002012 1900
6.75 7.25 42.75 43.25 800 -21.0990000003949 1900
7.25 7.75 42.75 43.25 800 -9.42800000030547 1900
7.75 8.25 42.75 43.25 800 -3.98500000033528 1900
8.25 8.75 42.75 43.25 800 -1.59300000034273 1900
8.75 9.25 42.75 43.25 800 -0.603000000119209 1900
9.25 9.75 42.75 43.25 800 -0.216000000014901 1900
9.75 10.25 42.75 43.25 800 -0.072999999858439 1900
-10.25 -9.75 43.25 43.75 800 -0.0640000002458692 1900
-9.75 -9.25 43.25 43.75 800 -0.189000000245869 1900
-9.25 -8.75 43.25 43.75 800 -0.529000000096858 1900
-8.75 -8.25 43.25 43.75 800 -1.39900000020862 1900
-8.25 -7.75 43.25 43.75 800 -3.49899999983609 1900
-7.75 -7.25 43.25 43.75 800 -8.27900000009686 1900
-7.25 -6.75 43.25 43.75 800 -18.526999999769 1900
-6.75 -6.25 43.25 43.75 800 -39.2209999999031 1900
-6.25 -5.75 43.25 43.75 800 -78.5449999999255 1900
-5.75 -5.25 43.25 43.75 800 -148.792999999598 1900
-5.25 -4.75 43.25 43.75 800 -266.639999999665 1900
-4.75 -4.25 43.25 43.75 800 -451.990000000224 1900
-4.25 -3.75 43.25 43.75 800 -724.790000000037 1900
-3.75 -3.25 43.25 43.75 800 -1099.44000000041 1900
-3.25 -2.75 43.25 43.75 800 -1577.61000000034 1900
-2.75 -2.25 43.25 43.75 800 -2141.41000000015 1900
-2.25 -1.75 43.25 43.75 800 -2749.62999999989 1900
-1.75 -1.25 43.25 43.75 800 -3339.79999999981 1900
-1.25 -0.75 43.25 43.75 800 -3837.41999999993 1900
-0.75 -0.25 43.25 43.75 800 -4170.90000000037 1900
-0.25 0.25 43.25 43.75 800 -4288.37999999989 1900
0.25 0.75 43.25 43.75 800 -4170.90000000037 1900
0.75 1.25 43.25 43.75 800 -3837.41999999993 1900
1.25 1.75 43.25 43.75 800 -3339.79999999981 1900
1.75 2.25 43.25 43.75 800 -2749.62999999989 1900
2.25 2.75 43.25 43.75 800 -2141.41000000015 1900
2.75 3.25 43.25 43.75 800 -1577.61000000034 1900
3.25 3.75 43.25 43.75 800 -1099.44000000041 1900
3.75 4.25 43.25 43.75 800 -724.790000000037 1900
4.25 4.75 43.25 43.75 800 -451.990000000224 1900
4.75 5.25 43.25 43.75 800 -266.639999999665 1900
5.25 5.75 43.25 43.75 800 -148.792999999598 1900
5.75 6.25 43.25 43.75 800 -78.5449999999255 1900
6.25 6.75 43.25 43.75 800 -39.2209999999031 1900
6.75 7.25 43.25 43.75 800 -18.526999999769 1900
7.25 7.75 43.25 43.75 800 -8.27900000009686 1900
7.75 8.25 43.25 43.75 800 -3.49899999983609 1900
8.25 8.75 43.25 43.75 800 -1.39900000020862 1900
8.75 9.25 43.25 43.75 800 -0.529000000096858 1900
9.25 9.75 43.25 43.75 800 -0.189000000245869 1900
9.75 10.25 43.25 43.75 800 -0.0640000002458692 1900
-10.25 -9.75 43.75 44.25 800 -0.0549999997019768 1900
-9.75 -9.25 43.75 44.25 800 -0.162999999709427 1900
-9.25 -8.75 43.75 44.25 800 -0.456000000238419 1900
-8.75 -8.25 43.75 44.25 800 -1.20399999991059 1900
-8.25 -7.75 43.75 44.25 800 -3.01200000010431 1900
-7.75 -7.25 43.75 44.25 800 -7.125 1900
-7.25 -6.75 43.75 44.25 800 -15.9460000004619 1900
-6.75 -6.25 43.75 44.25 800 -33.75800000038 1900
-6.25 -5.75 43.75 44.25 800 -67.6040000002831 1900
-5.75 -5.25 43.75 44.25 800 -128.066999999806 1900
-5.25 -4.75 43.75 44.25 800 -229.5 1900
-4.75 -4.25 43.75 44.25 800 -389.030000000261 1900
-4.25 -3.75 43.75 44.25 800 -623.839999999851 1900
-3.75 -3.25 43.75 44.25 800 -946.290000000037 1900
-3.25 -2.75 43.75 44.25 800 -1357.86000000034 1900
-2.75 -2.25 43.75 44.25 800 -1843.12999999989 1900
-2.25 -1.75 43.75 44.25 800 -2366.62999999989 1900
-1.75 -1.25 43.75 44.25 800 -2874.58999999985 1900
-1.25 -0.75 43.75 44.25 800 -3302.88999999966 1900
-0.75 -0.25 43.75 44.25 800 -3589.9299999997 1900
-0.25 0.25 43.75 44.25 800 -3691.04999999981 1900
0.25 0.75 43.75 44.25 800 -3589.9299999997 1900
0.75 1.25 43.75 44.25 800 -3302.88999999966 1900
1.25 1.75 43.75 44.25 800 -2874.58999999985 1900
1.75 2.25 43.75 44.25 800 -2366.62999999989 1900
2.25 2.75 43.75 44.25 800 -1843.12999999989 1900
2.75 3.25 43.75 44.25 800 -1357.86000000034 1900
3.25 3.75 43.75 44.25 800 -946.290000000037 1900
3.75 4.25 43.75 44.25 800 -623.839999999851 1900
4.25 4.75 43.75 44.25 800 -389.030000000261 1900
4.75 5.25 43.75 44.25 800 -229.5 1900
5.25 5.75 43.75 44.25 800 -128.066999999806 1900
5.75 6.25 43.75 44.25 800 -67.6040000002831 1900
6.25 6.75 43.75 44.25 800 -33.75800000038 1900
6.75 7.25 43.75 44.25 800 -15.9460000004619 1900
7.25 7.75 43.75 44.25 800 -7.125 1900
7.75 8.25 43.75 44.25 800 -3.01200000010431 1900
8.25 8.75 43.75 44.25 800 -1.20399999991059 1900
8.75 9.25 43.75 44.25 800 -0.456000000238419 1900
9.25 9.75 43.75 44.25 800 -0.162999999709427 1900
9.75 10.25 43.75 44.25 800 -0.0549999997019768 1900
-10.25 -9.75 44.25 44.75 800 -0.0470000002533197 1900
-9.75 -9.25 44.25 44.75 800 -0.138000000268221 1900
-9.25 -8.75 44.25 44.75 800 -0.38399999961257 1900
-8.75 -8.25 44.25 44.75 800 -1.01599999982864 1900
-8.25 -7.75 44.25 44.75 800 -2.54100000020117 1900
-7.75 -7.25 44.25 44.75 800 -6.0109999999404 1900
-7.25 -6.75 44.25 44.75 800 -13.4529999997467 1900
-6.75 -6.25 44.25 44.75 800 -28.4809999996796 1900
-6.25 -5.75 44.25 44.75 800 -57.035000000149 1900
-5.75 -5.25 44.25 44.75 800 -108.046000000089 1900
-5.25 -4.75 44.25 44.75 800 -193.617999999784 1900
-4.75 -4.25 44.25 44.75 800 -328.209999999963 1900
-4.25 -3.75 44.25 44.75 800 -526.30999999959 1900
-3.75 -3.25 44.25 44.75 800 -798.360000000335 1900
-3.25 -2.75 44.25 44.75 800 -1145.58000000007 1900
-2.75 -2.25 44.25 44.75 800 -1554.98000000045 1900
-2.25 -1.75 44.25 44.75 800 -1996.63999999966 1900
-1.75 -1.25 44.25 44.75 800 -2425.19000000041 1900
-1.25 -0.75 44.25 44.75 800 -2786.54000000004 1900
-0.75 -0.25 44.25 44.75 800 -3028.70000000019 1900
-0.25 0.25 44.25 44.75 800 -3114.00999999978 1900
0.25 0.75 44.25 44.75 800 -3028.70000000019 1900
0.75 1.25 44.25 44.75 800 -2786.54000000004 1900
1.25 1.75 44.25 44.75 800 -2425.19000000041 1900
1.75 2.25 44.25 44.75 800 -1996.63999999966 1900
2.25 2.75 44.25 44.75 800 -1554.98000000045 1900
2.75 3.25 44.25 44.75 800 -1145.58000000007 1900
3.25 3.75 44.25 44.75 800 -798.360000000335 1900
3.75 4.25 44.25 44.75 800 -526.30999999959 1900
4.25 4.75 44.25 44.75 800 -328.209999999963 1900
4.75 5.25 44.25 44.75 800 -193.617999999784 1900
5.25 5.75 44.25 44.75 800 -108.046000000089 1900
5.75 6.25 44.25 44.75 800 -57.035000000149 1900
6.25 6.75 44.25 44.75 800 -28.4809999996796 1900
6.75 7.25 44.25 44.75 800 -13.4529999997467 1900
7.25 7.75 44.25 44.75 800 -6.0109999999404 1900
7.75 8.25 44.25 44.75 800 -2.54100000020117 1900
8.25 8.75 44.25 44.75 800 -1.01599999982864 1900
8.75 9.25 44.25 44.75 800 -0.38399999961257 1900
9.25 9.75 44.25 44.75 800 -0.138000000268221 1900
9.75 10.25 44.25 44.75 800 -0.0470000002533197 1900
-10.25 -9.75 44.75 45.25 800 -0.0379999997094274 1900
-9.75 -9.25 44.75 45.25 800 -0.114000000059605 1900
-9.25 -8.75 44.75 45.25 800 -0.317999999970198 1900
-8.75 -8.25 44.75 45.25 800 -0.839999999850988 1900
-8.25 -7.75 44.75 45.25 800 -2.10099999979138 1900
-7.75 -7.25 44.75 45.25 800 -4.97099999990314 1900
-7.25 -6.75 44.75 45.25 800 -11.125 1900
-6.75 -6.25 44.75 45.25 800 -23.5520000001416 1900
-6.25 -5.75 44.75 45.25 800 -47.1660000002012 1900
-5.75 -5.25 44.75 45.25 800 -89.3490000003949 1900
-5.25 -4.75 44.75 45.25 800 -160.11400000006 1900
-4.75 -4.25 44.75 45.25 800 -271.419999999925 1900
-4.25 -3.75 44.75 45.25 800 -435.240000000224 1900
-3.75 -3.25 44.75 45.25 800 -660.209999999963 1900
-3.25 -2.75 44.75 45.25 800 -947.349999999627 1900
-2.75 -2.25 44.75 45.25 800 -1285.91000000015 1900
-2.25 -1.75 44.75 45.25 800 -1651.13999999966 1900
-1.75 -1.25 44.75 45.25 800 -2005.53000000026 1900
-1.25 -0.75 44.75 45.25 800 -2304.34999999963 1900
-0.75 -0.25 44.75 45.25 800 -2504.61000000034 1900
-0.25 0.25 44.75 45.25 800 -2575.16000000015 1900
0.25 0.75 44.75 45.25 800 -2504.61000000034 1900
0.75 1.25 44.75 45.25 800 -2304.34999999963 1900
1.25 1.75 44.75 45.25 800 -2005.53000000026 1900
1.75 2.25 44.75 45.25 800 -1651.13999999966 1900
2.25 2.75 44.75 45.25 800 -1285.91000000015 1900
2.75 3.25 44.75 45.25 800 -947.349999999627 1900
3.25 3.75 44.75 45.25 800 -660.209999999963 1900
3.75 4.25 44.75 45.25 800 -435.240000000224 1900
4.25 4.75 44.75 45.25 800 -271.419999999925 1900
4.75 5.25 44.75 45.25 800 -160.11400000006 1900
5.25 5.75 44.75 45.25 800 -89.3490000003949 1900
5.75 6.25 44.75 45.25 800 -47.1660000002012 1900
6.25 6.75 44.75 45.25 800 -23.5520000001416 1900
6.75 7.25 44.75 45.25 800 -11.125 1900
7.25 7.75 44.75 45.25 800 -4.97099999990314 1900
7.75 8.25 44.75 45.25 800 -2.10099999979138 1900
8.25 8.75 44.75 45.25 800 -0.839999999850988 1900
8.75 9.25 44.75 45.25 800 -0.317999999970198 1900
9.25 9.75 44.75 45.25 800 -0.114000000059605 1900
9.75 10.25 44.75 45.25 800 -0.0379999997094274 1900
-10.25 -9.75 45.25 45.75 800 -0.0310000004246831 1900
-9.75 -9.25 45.25 45.75 800 -0.0920000001788139 1900
-9.25 -8.75 45.25 45.75 800 -0.25800000037998 1900
-8.75 -8.25 45.25 45.75 800 -0.68099999986589 1900
-8.25 -7.75 45.25 45.75 800 -1.70299999974668 1900
-7.75 -7.25 45.25 45.75 800 -4.03000000026077 1900
-7.25 -6.75 45.25 45.75 800 -9.01800000015646 1900
-6.75 -6.25 45.25 45.75 800 -19.0910000000149 1900
-6.25 -5.75 45.25 45.75 800 -38.2319999998435 1900
-5.75 -5.25 45.25 45.75 800 -72.4249999998137 1900
-5.25 -4.75 45.25 45.75 800 -129.786000000313 1900
-4.75 -4.25 45.25 45.75 800 -220.009999999776 1900
-4.25 -3.75 45.25 45.75 800 -352.799999999814 1900
-3.75 -3.25 45.25 45.75 800 -535.150000000373 1900
-3.25 -2.75 45.25 45.75 800 -767.900000000373 1900
-2.75 -2.25 45.25 45.75 800 -1042.33999999985 1900
-2.25 -1.75 45.25 45.75 800 -1338.38999999966 1900
-1.75 -1.25 45.25 45.75 800 -1625.65000000037 1900
-1.25 -0.75 45.25 45.75 800 -1867.87000000011 1900
-0.75 -0.25 45.25 45.75 800 -2030.20000000019 1900
-0.25 0.25 45.25 45.75 800 -2087.37999999989 1900
0.25 0.75 45.25 45.75 800 -2030.20000000019 1900
0.75 1.25 45.25 45.75 800 -1867.87000000011 1900
1.25 1.75 45.25 45.75 800 -1625.65000000037 1900
1.75 2.25 45.25 45.75 800 -1338.38999999966 1900
2.25 2.75 45.25 45.75 800 -1042.33999999985 1900
2.75 3.25 45.25 45.75 800 -767.900000000373 1900
3.25 3.75 45.25 45.75 800 -535.150000000373 1900
3.75 4.25 45.25 45.75 800 -352.799999999814 1900
4.25 4.75 45.25 45.75 800 -220.009999999776 1900
4.75 5.25 45.25 45.75 800 -129.786000000313 1900
5.25 5.75 45.25 45.75 800 -72.4249999998137 1900
5.75 6.25 45.25 45.75 800 -38.2319999998435 1900
6.25 6.75 45.25 45.75 800 -19.0910000000149 1900
6.75 7.25 45.25 45.75 800 -9.01800000015646 1900
7.25 7.75 45.25 45.75 800 -4.03000000026077 1900
7.75 8.25 45.25 45.75 800 -1.70299999974668 1900
8.25 8.75 45.25 45.75 800 -0.68099999986589 1900
8.75 9.25 45.25 45.75 800 -0.25800000037998 1900
9.25 9.75 45.25 45.75 800 -0.0920000001788139 1900
9.75 10.25 45.25 45.75 800 -0.0310000004246831 1900
-10.25 -9.75 45.75 46.25 800 -0.025000000372529 1900
-9.75 -9.25 45.75 46.25 800 -0.072999999858439 1900
-9.25 -8.75 45.75 46.25 800 -0.205000000074506 1900
-8.75 -8.25 45.75 46.25 800 -0.541000000201166 1900
-8.25 -7.75 45.75 46.25 800 -1.35300000011921 1900
-7.75 -7.25 45.75 46.25 800 -3.20199999958277 1900
-7.25 -6.75 45.75 46.25 800 -7.16500000003725 1900
-6.75 -6.25 45.75 46.25 800 -15.1689999997616 1900
-6.25 -5.75 45.75 46.25 800 -30.3760000001639 1900
-5.75 -5.25 45.75 46.25 800 -57.5439999997616 1900
-5.25 -4.75 45.75 46.25 800 -103.118999999948 1900
-4.75 -4.25 45.75 46.25 800 -174.803999999538 1900
-4.25 -3.75 45.75 46.25 800 -280.30999999959 1900
-3.75 -3.25 45.75 46.25 800 -425.200000000186 1900
-3.25 -2.75 45.75 46.25 800 -610.129999999888 1900
-2.75 -2.25 45.75 46.25 800 -828.169999999925 1900
-2.25 -1.75 45.75 46.25 800 -1063.38999999966 1900
-1.75 -1.25 45.75 46.25 800 -1291.63999999966 1900
-1.25 -0.75 45.75 46.25 800 -1484.08999999985 1900
-0.75 -0.25 45.75 46.25 800 -1613.05999999959 1900
-0.25 0.25 45.75 46.25 800 -1658.49000000022 1900
0.25 0.75 45.75 46.25 800 -1613.05999999959 1900
0.75 1.25 45.75 46.25 800 -1484.08999999985 1900
1.25 1.75 45.75 46.25 800 -1291.63999999966 1900
1.75 2.25 45.75 46.25 800 -1063.38999999966 1900
2.25 2.75 45.75 46.25 800 -828.169999999925 1900
2.75 3.25 45.75 46.25 800 -610.129999999888 1900
3.25 3.75 45.75 46.25 800 -425.200000000186 1900
3.75 4.25 45.75 46.25 800 -280.30999999959 1900
4.25 4.75 45.75 46.25 800 -174.803999999538 1900
4.75 5.25 45.75 46.25 800 -103.118999999948 1900
5.25 5.75 45.75 46.25 800 -57.5439999997616 1900
5.75 6.25 45.75 46.25 800 -30.3760000001639 1900
6.25 6.75 45.75 46.25 800 -15.1689999997616 1900
6.75 7.25 45.75 46.25 800 -7.16500000003725 1900
7.25 7.75 45.75 46.25 800 -3.20199999958277 1900
7.75 8.25 45.75 46.25 800 -1.35300000011921 1900
8.25 8.75 45.75 46.25 800 -0.541000000201166 1900
8.75 9.25 45.75 46.25 800 -0.205000000074506 1900
9.25 9.75 45.75 46.25 800 -0.072999999858439 1900
9.75 10.25 45.75 46.25 800 -0.025000000372529 1900
-10.25 -9.75 46.25 46.75 800 -0.019000000320375 1900
-9.75 -9.25 46.25 46.75 800 -0.0570000000298023 1900
-9.25 -8.75 46.25 46.75 800 -0.158999999985099 1900
-8.75 -8.25 46.25 46.75 800 -0.421000000089407 1900
-8.25 -7.75 46.25 46.75 800 -1.05399999953806 1900
-7.75 -7.25 46.25 46.75 800 -2.49299999978393 1900
-7.25 -6.75 46.25 46.75 800 -5.58000000007451 1900
-6.75 -6.25 46.25 46.75 800 -11.813000000082 1900
-6.25 -5.75 46.25 46.75 800 -23.6569999996573 1900
-5.75 -5.25 46.25 46.75 800 -44.8159999996424 1900
-5.25 -4.75 46.25 46.75 800 -80.3090000003576 1900
-4.75 -4.25 46.25 46.75 800 -136.138000000268 1900
-4.25 -3.75 46.25 46.75 800 -218.299999999814 1900
-3.75 -3.25 46.25 46.75 800 -331.139999999665 1900
-3.25 -2.75 46.25 46.75 800 -475.169999999925 1900
-2.75 -2.25 46.25 46.75 800 -644.980000000447 1900
-2.25 -1.75 46.25 46.75 800 -828.169999999925 1900
-1.75 -1.25 46.25 46.75 800 -1005.9299999997 1900
-1.25 -0.75 46.25 46.75 800 -1155.80999999959 1900
-0.75 -0.25 46.25 46.75 800 -1256.25 1900
-0.25 0.25 46.25 46.75 800 -1291.63999999966 1900
0.25 0.75 46.25 46.75 800 -1256.25 1900
0.75 1.25 46.25 46.75 800 -1155.80999999959 1900
1.25 1.75 46.25 46.75 800 -1005.9299999997 1900
1.75 2.25 46.25 46.75 800 -828.169999999925 1900
2.25 2.75 46.25 46.75 800 -644.980000000447 1900
2.75 3.25 46.25 46.75 800 -475.169999999925 1900
3.25 3.75 46.25 46.75 800 -331.139999999665 1900
3.75 4.25 46.25 46.75 800 -218.299999999814 1900
4.25 4.75 46.25 46.75 800 -136.138000000268 1900
4.75 5.25 46.25 46.75 800 -80.3090000003576 1900
5.25 5.75 46.25 46.75 800 -44.8159999996424 1900
5.75 6.25 46.25 46.75 800 -23.6569999996573 1900
6.25 6.75 46.25 46.75 800 -11.813000000082 1900
6.75 7.25 46.25 46.75 800 -5.58000000007451 1900
7.25 7.75 46.25 46.75 800 -2.49299999978393 1900
7.75 8.25 46.25 46.75 800 -1.05399999953806 1900
8.25 8.75 46.25 46.75 800 -0.421000000089407 1900
8.75 9.25 46.25 46.75 800 -0.158999999985099 1900
9.25 9.75 46.25 46.75 800 -0.0570000000298023 1900
9.75 10.25 46.25 46.75 800 -0.019000000320375 1900
-10.25 -9.75 46.75 47.25 800 -0.0149999996647239 1900
-9.75 -9.25 46.75 47.25 800 -0.0439999997615814 1900
-9.25 -8.75 46.75 47.25 800 -0.122000000439584 1900
-8.75 -8.25 46.75 47.25 800 -0.321999999694526 1900
-8.25 -7.75 46.75 47.25 800 -0.804999999701977 1900
-7.75 -7.25 46.75 47.25 800 -1.90299999993294 1900
-7.25 -6.75 46.75 47.25 800 -4.25999999977648 1900
-6.75 -6.25 46.75 47.25 800 -9.01800000015646 1900
-6.25 -5.75 46.75 47.25 800 -18.0590000003576 1900
-5.75 -5.25 46.75 47.25 800 -34.2110000001267 1900
-5.25 -4.75 46.75 47.25 800 -61.3070000000298 1900
-4.75 -4.25 46.75 47.25 800 -103.924999999814 1900
-4.25 -3.75 46.75 47.25 800 -166.649000000209 1900
-3.75 -3.25 46.75 47.25 800 -252.790000000037 1900
-3.25 -2.75 46.75 47.25 800 -362.730000000447 1900
-2.75 -2.25 46.75 47.25 800 -492.370000000112 1900
-2.25 -1.75 46.75 47.25 800 -632.209999999963 1900
-1.75 -1.25 46.75 47.25 800 -767.900000000373 1900
-1.25 -0.75 46.75 47.25 800 -882.320000000298 1900
-0.75 -0.25 46.75 47.25 800 -959 1900
-0.25 0.25 46.75 47.25 800 -986.009999999776 1900
0.25 0.75 46.75 47.25 800 -959 1900
0.75 1.25 46.75 47.25 800 -882.320000000298 1900
1.25 1.75 46.75 47.25 800 -767.900000000373 1900
1.75 2.25 46.75 47.25 800 -632.209999999963 1900
2.25 2.75 46.75 47.25 800 -492.370000000112 1900
2.75 3.25 46.75 47.25 800 -362.730000000447 1900
3.25 3.75 46.75 47.25 800 -252.790000000037 1900
3.75 4.25 46.75 47.25 800 -166.649000000209 1900
4.25 4.75 46.75 47.25 800 -103.924999999814 1900
4.75 5.25 46.75 47.25 800 -61.3070000000298 1900
5.25 5.75 46.75 47.25 800 -34.2110000001267 1900
5.75 6.25 46.75 47.25 800 -18.0590000003576 1900
6.25 6.75 46.75 47.25 800 -9.01800000015646 1900
6.75 7.25 46.75 47.25 800 -4.25999999977648 1900
7.25 7.75 46.75 47.25 800 -1.90299999993294 1900
7.75 8.25 46.75 47.25 800 -0.804999999701977 1900
8.25 8.75 46.75 47.25 800 -0.321999999694526 1900
8.75 9.25 46.75 47.25 800 -0.122000000439584 1900
9.25 9.75 46.75 47.25 800 -0.0439999997615814 1900
9.75 10.25 46.75 47.25 800 -0.0149999996647239 1900
-10.25 -9.75 47.25 47.75 800 -0.0109999999403954 1900
-9.75 -9.25 47.25 47.75 800 -0.0329999998211861 1900
-9.25 -8.75 47.25 47.75 800 -0.0910000000149012 1900
-8.75 -8.25 47.25 47.75 800 -0.24100000038743 1900
-8.25 -7.75 47.25 47.75 800 -0.601999999955297 1900
-7.75 -7.25 47.25 47.75 800 -1.42399999964982 1900
-7.25 -6.75 47.25 47.75 800 -3.18699999991804 1900
-6.75 -6.25 47.25 47.75 800 -6.74799999967217 1900
-6.25 -5.75 47.25 47.75 800 -13.5130000002682 1900
-5.75 -5.25 47.25 47.75 800 -25.5990000003949 1900
-5.25 -4.75 47.25 47.75 800 -45.8739999998361 1900
-4.75 -4.25 47.25 47.75 800 -77.7630000002682 1900
-4.25 -3.75 47.25 47.75 800 -124.696999999695 1900
-3.75 -3.25 47.25 47.75 800 -189.152999999933 1900
-3.25 -2.75 47.25 47.75 800 -271.419999999925 1900
-2.75 -2.25 47.25 47.75 800 -368.419999999925 1900
-2.25 -1.75 47.25 47.75 800 -473.05999999959 1900
-1.75 -1.25 47.25 47.75 800 -574.589999999851 1900
-1.25 -0.75 47.25 47.75 800 -660.209999999963 1900
-0.75 -0.25 47.25 47.75 800 -717.580000000075 1900
-0.25 0.25 47.25 47.75 800 -737.790000000037 1900
0.25 0.75 47.25 47.75 800 -717.580000000075 1900
0.75 1.25 47.25 47.75 800 -660.209999999963 1900
1.25 1.75 47.25 47.75 800 -574.589999999851 1900
1.75 2.25 47.25 47.75 800 -473.05999999959 1900
2.25 2.75 47.25 47.75 800 -368.419999999925 1900
2.75 3.25 47.25 47.75 800 -271.419999999925 1900
3.25 3.75 47.25 47.75 800 -189.152999999933 1900
3.75 4.25 47.25 47.75 800 -124.696999999695 1900
4.25 4.75 47.25 47.75 800 -77.7630000002682 1900
4.75 5.25 47.25 47.75 800 -45.8739999998361 1900
5.25 5.75 47.25 47.75 800 -25.5990000003949 1900
5.75 6.25 47.25 47.75 800 -13.5130000002682 1900
6.25 6.75 47.25 47.75 800 -6.74799999967217 1900
6.75 7.25 47.25 47.75 800 -3.18699999991804 1900
7.25 7.75 47.25 47.75 800 -1.42399999964982 1900
7.75 8.25 47.25 47.75 800 -0.601999999955297 1900
8.25 8.75 47.25 47.75 800 -0.24100000038743 1900
8.75 9.25 47.25 47.75 800 -0.0910000000149012 1900
9.25 9.75 47.25 47.75 800 -0.0329999998211861 1900
9.75 10.25 47.25 47.75 800 -0.0109999999403954 1900
-10.25 -9.75 47.75 48.25 800 -0.00800000037997961 1900
-9.75 -9.25 47.75 48.25 800 -0.0240000002086163 1900
-9.25 -8.75 47.75 48.25 800 -0.0669999998062849 1900
-8.75 -8.25 47.75 48.25 800 -0.177000000141561 1900
-8.25 -7.75 47.75 48.25 800 -0.441999999806285 1900
-7.75 -7.25 47.75 48.25 800 -1.04499999992549 1900
-7.25 -6.75 47.75 48.25 800 -2.33800000045449 1900
-6.75 -6.25 47.75 48.25 800 -4.94900000002235 1900
-6.25 -5.75 47.75 48.25 800 -9.91100000031292 1900
-5.75 -5.25 47.75 48.25 800 -18.7759999996051 1900
-5.25 -4.75 47.75 48.25 800 -33.6459999997169 1900
-4.75 -4.25 47.75 48.25 800 -57.035000000149 1900
-4.25 -3.75 47.75 48.25 800 -91.4589999997988 1900
-3.75 -3.25 47.75 48.25 800 -138.733000000007 1900
-3.25 -2.75 47.75 48.25 800 -199.071999999695 1900
-2.75 -2.25 47.75 48.25 800 -270.219999999739 1900
-2.25 -1.75 47.75 48.25 800 -346.959999999963 1900
-1.75 -1.25 47.75 48.25 800 -421.429999999702 1900
-1.25 -0.75 47.75 48.25 800 -484.230000000447 1900
-0.75 -0.25 47.75 48.25 800 -526.30999999959 1900
-0.25 0.25 47.75 48.25 800 -541.129999999888 1900
0.25 0.75 47.75 48.25 800 -526.30999999959 1900
0.75 1.25 47.75 48.25 800 -484.230000000447 1900
1.25 1.75 47.75 48.25 800 -421.429999999702 1900
1.75 2.25 47.75 48.25 800 -346.959999999963 1900
2.25 2.75 47.75 48.25 800 -270.219999999739 1900
2.75 3.25 47.75 48.25 800 -199.071999999695 1900
3.25 3.75 47.75 48.25 800 -138.733000000007 1900
3.75 4.25 47.75 48.25 800 -91.4589999997988 1900
4.25 4.75 47.75 48.25 800 -57.035000000149 1900
4.75 5.25 47.75 48.25 800 -33.6459999997169 1900
5.25 5.75 47.75 48.25 800 -18.7759999996051 1900
5.75 6.25 47.75 48.25 800 -9.91100000031292 1900
6.25 6.75 47.75 48.25 800 -4.94900000002235 1900
6.75 7.25 47.75 48.25 800 -2.33800000045449 1900
7.25 7.75 47.75 48.25 800 -1.04499999992549 1900
7.75 8.25 47.75 48.25 800 -0.441999999806285 1900
8.25 8.75 47.75 48.25 800 -0.177000000141561 1900
8.75 9.25 47.75 48.25 800 -0.0669999998062849 1900
9.25 9.75 47.75 48.25 800 -0.0240000002086163 1900
9.75 10.25 47.75 48.25 800 -0.00800000037997961 1900
-10.25 -9.75 48.25 48.75 800 -0.00600000005215406 1900
-9.75 -9.25 48.25 48.75 800 -0.0169999999925494 1900
-9.25 -8.75 48.25 48.75 800 -0.0480000004172325 1900
-8.75 -8.25 48.25 48.75 800 -0.127000000327826 1900
-8.25 -7.75 48.25 48.75 800 -0.316999999806285 1900
-7.75 -7.25 48.25 48.75 800 -0.751000000163913 1900
-7.25 -6.75 48.25 48.75 800 -1.68099999986589 1900
-6.75 -6.25 48.25 48.75 800 -3.55800000019372 1900
-6.25 -5.75 48.25 48.75 800 -7.125 1900
-5.75 -5.25 48.25 48.75 800 -13.4979999996722 1900
-5.25 -4.75 48.25 48.75 800 -24.1890000002459 1900
-4.75 -4.25 48.25 48.75 800 -41.0039999997243 1900
-4.25 -3.75 48.25 48.75 800 -65.7520000003278 1900
-3.75 -3.25 48.25 48.75 800 -99.7390000000596 1900
-3.25 -2.75 48.25 48.75 800 -143.11699999962 1900
-2.75 -2.25 48.25 48.75 800 -194.264999999665 1900
-2.25 -1.75 48.25 48.75 800 -249.44000000041 1900
-1.75 -1.25 48.25 48.75 800 -302.980000000447 1900
-1.25 -0.75 48.25 48.75 800 -348.120000000112 1900
-0.75 -0.25 48.25 48.75 800 -378.379999999888 1900
-0.25 0.25 48.25 48.75 800 -389.030000000261 1900
0.25 0.75 48.25 48.75 800 -378.379999999888 1900
0.75 1.25 48.25 48.75 800 -348.120000000112 1900
1.25 1.75 48.25 48.75 800 -302.980000000447 1900
1.75 2.25 48.25 48.75 800 -249.44000000041 1900
2.25 2.75 48.25 48.75 800 -194.264999999665 1900
2.75 3.25 48.25 48.75 800 -143.11699999962 1900
3.25 3.75 48.25 48.75 800 -99.7390000000596 1900
3.75 4.25 48.25 48.75 800 -65.7520000003278 1900
4.25 4.75 48.25 48.75 800 -41.0039999997243 1900
4.75 5.25 48.25 48.75 800 -24.1890000002459 1900
5.25 5.75 48.25 48.75 800 -13.4979999996722 1900
5.75 6.25 48.25 48.75 800 -7.125 1900
6.25 6.75 48.25 48.75 800 -3.55800000019372 1900
6.75 7.25 48.25 48.75 800 -1.68099999986589 1900
7.25 7.75 48.25 48.75 800 -0.751000000163913 1900
7.75 8.25 48.25 48.75 800 -0.316999999806285 1900
8.25 8.75 48.25 48.75 800 -0.127000000327826 1900
8.75 9.25 48.25 48.75 800 -0.0480000004172325 1900
9.25 9.75 48.25 48.75 800 -0.0169999999925494 1900
9.75 10.25 48.25 48.75 800 -0.00600000005215406 1900
-10.25 -9.75 48.75 49.25 800 -0.00399999972432852 1900
-9.75 -9.25 48.75 49.25 800 -0.0120000001043081 1900
-9.25 -8.75 48.75 49.25 800 -0.0339999999850988 1900
-8.75 -8.25 48.75 49.25 800 -0.0889999996870756 1900
-8.25 -7.75 48.75 49.25 800 -0.224000000394881 1900
-7.75 -7.25 48.75 49.25 800 -0.529000000096858 1900
-7.25 -6.75 48.75 49.25 800 -1.18400000035763 1900
-6.75 -6.25 48.75 49.25 800 -2.50700000021607 1900
-6.25 -5.75 48.75 49.25 800 -5.02099999971688 1900
-5.75 -5.25 48.75 49.25 800 -9.51200000010431 1900
-5.25 -4.75 48.75 49.25 800 -17.0460000000894 1900
-4.75 -4.25 48.75 49.25 800 -28.894999999553 1900
-4.25 -3.75 48.75 49.25 800 -46.3349999999627 1900
-3.75 -3.25 48.75 49.25 800 -70.285000000149 1900
-3.25 -2.75 48.75 49.25 800 -100.853000000119 1900
-2.75 -2.25 48.75 49.25 800 -136.895999999717 1900
-2.25 -1.75 48.75 49.25 800 -175.777999999933 1900
-1.75 -1.25 48.75 49.25 800 -213.509999999776 1900
-1.25 -0.75 48.75 49.25 800 -245.320000000298 1900
-0.75 -0.25 48.75 49.25 800 -266.639999999665 1900
-0.25 0.25 48.75 49.25 800 -274.150000000373 1900
0.25 0.75 48.75 49.25 800 -266.639999999665 1900
0.75 1.25 48.75 49.25 800 -245.320000000298 1900
1.25 1.75 48.75 49.25 800 -213.509999999776 1900
1.75 2.25 48.75 49.25 800 -175.777999999933 1900
2.25 2.75 48.75 49.25 800 -136.895999999717 1900
2.75 3.25 48.75 49.25 800 -100.853000000119 1900
3.25 3.75 48.75 49.25 800 -70.285000000149 1900
3.75 4.25 48.75 49.25 800 -46.3349999999627 1900
4.25 4.75 48.75 49.25 800 -28.894999999553 1900
4.75 5.25 48.75 49.25 800 -17.0460000000894 1900
5.25 5.75 48.75 49.25 800 -9.51200000010431 1900
5.75 6.25 48.75 49.25 800 -5.02099999971688 1900
6.25 6.75 48.75 49.25 800 -2.50700000021607 1900
6.75 7.25 48.75 49.25 800 -1.18400000035763 1900
7.25 7.75 48.75 49.25 800 -0.529000000096858 1900
7.75 8.25 48.75 49.25 800 -0.224000000394881 1900
8.25 8.75 48.75 49.25 800 -0.0889999996870756 1900
8.75 9.25 48.75 49.25 800 -0.0339999999850988 1900
9.25 9.75 48.75 49.25 800 -0.0120000001043081 1900
9.75 10.25 48.75 49.25 800 -0.00399999972432852 1900
-10.25 -9.75 49.25 49.75 800 -0.00299999956041574 1900
-9.75 -9.25 49.25 49.75 800 -0.00800000037997961 1900
-9.25 -8.75 49.25 49.75 800 -0.0230000000447035 1900
-8.75 -8.25 49.25 49.75 800 -0.0619999999180436 1900
-8.25 -7.75 49.25 49.75 800 -0.15500000026077 1900
-7.75 -7.25 49.25 49.75 800 -0.36600000038743 1900
-7.25 -6.75 49.25 49.75 800 -0.817999999970198 1900
-6.75 -6.25 49.25 49.75 800 -1.73199999984354 1900
-6.25 -5.75 49.25 49.75 800 -3.46800000034273 1900
-5.75 -5.25 49.25 49.75 800 -6.57000000029802 1900
-5.25 -4.75 49.25 49.75 800 -11.7740000002086 1900
-4.75 -4.25 49.25 49.75 800 -19.9589999997988 1900
-4.25 -3.75 49.25 49.75 800 -32.0049999998882 1900
-3.75 -3.25 49.25 49.75 800 -48.5480000004172 1900
-3.25 -2.75 49.25 49.75 800 -69.6629999997094 1900
-2.75 -2.25 49.25 49.75 800 -94.5590000003576 1900
-2.25 -1.75 49.25 49.75 800 -121.416000000201 1900
-1.75 -1.25 49.25 49.75 800 -147.475999999791 1900
-1.25 -0.75 49.25 49.75 800 -169.449000000022 1900
-0.75 -0.25 49.25 49.75 800 -184.174999999814 1900
-0.25 0.25 49.25 49.75 800 -189.362999999896 1900
0.25 0.75 49.25 49.75 800 -184.174999999814 1900
0.75 1.25 49.25 49.75 800 -169.449000000022 1900
1.25 1.75 49.25 49.75 800 -147.475999999791 1900
1.75 2.25 49.25 49.75 800 -121.416000000201 1900
2.25 2.75 49.25 49.75 800 -94.5590000003576 1900
2.75 3.25 49.25 49.75 800 -69.6629999997094 1900
3.25 3.75 49.25 49.75 800 -48.5480000004172 1900
3.75 4.25 49.25 49.75 800 -32.0049999998882 1900
4.25 4.75 49.25 49.75 800 -19.9589999997988 1900
4.75 5.25 49.25 49.75 800 -11.7740000002086 1900
5.25 5.75 49.25 49.75 800 -6.57000000029802 1900
5.75 6.25 49.25 49.75 800 -3.46800000034273 1900
6.25 6.75 49.25 49.75 800 -1.73199999984354 1900
6.75 7.25 49.25 49.75 800 -0.817999999970198 1900
7.25 7.75 49.25 49.75 800 -0.36600000038743 1900
7.75 8.25 49.25 49.75 800 -0.15500000026077 1900
8.25 8.75 49.25 49.75 800 -0.0619999999180436 1900
8.75 9.25 49.25 49.75 800 -0.0230000000447035 1900
9.25 9.75 49.25 49.75 800 -0.00800000037997961 1900
9.75 10.25 49.25 49.75 800 -0.00299999956041574 1900
-10.25 -9.75 49.75 50.25 800 -0.00200000032782555 1900
-9.75 -9.25 49.75 50.25 800 -0.00600000005215406 1900
-9.25 -8.75 49.75 50.25 800 -0.0159999998286366 1900
-8.75 -8.25 49.75 50.25 800 -0.0420000003650784 1900
-8.25 -7.75 49.75 50.25 800 -0.105000000447035 1900
-7.75 -7.25 49.75 50.25 800 -0.247999999672174 1900
-7.25 -6.75 49.75 50.25 800 -0.553999999538064 1900
-6.75 -6.25 49.75 50.25 800 -1.17300000041723 1900
-6.25 -5.75 49.75 50.25 800 -2.34800000023097 1900
-5.75 -5.25 49.75 50.25 800 -4.44799999985844 1900
-5.25 -4.75 49.75 50.25 800 -7.97200000006706 1900
-4.75 -4.25 49.75 50.25 800 -13.5130000002682 1900
-4.25 -3.75 49.75 50.25 800 -21.6689999997616 1900
-3.75 -3.25 49.75 50.25 800 -32.8700000001118 1900
-3.25 -2.75 49.75 50.25 800 -47.1660000002012 1900
-2.75 -2.25 49.75 50.25 800 -64.0219999998808 1900
-2.25 -1.75 49.75 50.25 800 -82.2050000000745 1900
-1.75 -1.25 49.75 50.25 800 -99.8499999996275 1900
-1.25 -0.75 49.75 50.25 800 -114.726999999955 1900
-0.75 -0.25 49.75 50.25 800 -124.696999999695 1900
-0.25 0.25 49.75 50.25 800 -128.208999999799 1900
0.25 0.75 49.75 50.25 800 -124.696999999695 1900
0.75 1.25 49.75 50.25 800 -114.726999999955 1900
1.25 1.75 49.75 50.25 800 -99.8499999996275 1900
1.75 2.25 49.75 50.25 800 -82.2050000000745 1900
2.25 2.75 49.75 50.25 800 -64.0219999998808 1900
2.75 3.25 49.75 50.25 800 -47.1660000002012 1900
3.25 3.75 49.75 50.25 800 -32.8700000001118 1900
3.75 4.25 49.75 50.25 800 -21.6689999997616 1900
4.25 4.75 49.75 50.25 800 -13.5130000002682 1900
4.75 5.25 49.75 50.25 800 -7.97200000006706 1900
5.25 5.75 49.75 50.25 800 -4.44799999985844 1900
5.75 6.25 49.75 50.25 800 -2.34800000023097 1900
6.25 6.75 49.75 50.25 800 -1.17300000041723 1900
6.75 7.25 49.75 50.25 800 -0.553999999538064 1900
7.25 7.75 49.75 50.25 800 -0.247999999672174 1900
7.75 8.25 49.75 50.25 800 -0.105000000447035 1900
8.25 8.75 49.75 50.25 800 -0.0420000003650784 1900
8.75 9.25 49.75 50.25 800 -0.0159999998286366 1900
9.25 9.75 49.75 50.25 800 -0.00600000005215406 1900
9.75 10.25 49.75 50.25 800 -0.00200000032782555 1900
